
Zimpp: [1.         1.         1.         1.         1.         1.
 1.         1.         1.         1.         1.         1.
 1.         1.         1.         1.         1.         1.
 1.         1.         1.         1.         1.         1.
 1.         1.         1.         1.         1.         1.
 1.         1.         1.         1.         1.         1.
 1.         1.         1.         1.         1.         1.
 1.         1.         1.         1.         1.         1.
 1.         1.         1.         1.         1.         1.
 1.         1.         1.         1.         1.         1.
 1.         1.         1.         1.         1.         1.
 1.         1.         1.         1.         1.         1.
 1.         1.         1.         1.         1.         1.
 1.         0.70710678 1.         0.70710678 0.70710678 0.70710678
 0.70710678 0.70710678 0.70710678 0.70710678 0.70710678 0.70710678
 0.70710678 0.70710678 0.70710678 0.70710678 0.70710678 0.70710678
 0.70710678 0.70710678 0.70710678 0.70710678 0.70710678 0.70710678
 0.70710678 0.70710678 0.70710678 0.70710678 0.70710678 0.70710678
 0.70710678 0.70710678 0.70710678 0.70710678 0.70710678 0.70710678
 0.70710678 0.70710678 0.70710678 0.70710678 0.70710678 0.70710678
 0.70710678 0.70710678 0.70710678 0.70710678 0.70710678 0.70710678
 0.70710678 0.70710678 0.70710678 0.70710678 0.70710678 0.70710678
 0.70710678 0.70710678 0.70710678 0.70710678 0.70710678 0.70710678
 0.70710678 0.70710678 0.70710678 0.70710678 0.70710678 0.70710678
 0.70710678 0.70710678 0.70710678 0.70710678 0.70710678 0.70710678
 0.70710678 0.70710678 0.70710678 0.70710678 0.70710678 0.70710678
 0.70710678 0.70710678 0.70710678 0.70710678]

Zimpm: [1.         1.         1.         1.         1.         1.
 1.         1.         1.         1.         1.         1.
 1.         1.         1.         1.         1.         1.
 1.         1.         1.         1.         1.         1.
 1.         1.         1.         1.         1.         1.
 1.         1.         1.         1.         1.         1.
 1.         1.         1.         1.         1.         1.
 1.         1.         1.         1.         1.         1.
 1.         1.         1.         1.         1.         1.
 1.         1.         1.         1.         1.         1.
 1.         1.         1.         1.         1.         1.
 1.         1.         1.         1.         1.         1.
 1.         1.         1.         1.         1.         1.
 1.         1.         0.70710678 0.70710678 0.70710678 0.70710678
 0.70710678 0.70710678 0.70710678 0.70710678 0.70710678 0.70710678
 0.70710678 0.70710678 0.70710678 0.70710678 0.70710678 0.70710678
 0.70710678 0.70710678 0.70710678 0.70710678 0.70710678 0.70710678
 0.70710678 0.70710678 0.70710678 0.70710678 0.70710678 0.70710678
 0.70710678 0.70710678 0.70710678 0.70710678 0.70710678 0.70710678
 0.70710678 0.70710678 0.70710678 0.70710678 0.70710678 0.70710678
 0.70710678 0.70710678 0.70710678 0.70710678 0.70710678 0.70710678
 0.70710678 0.70710678 0.70710678 0.70710678 0.70710678 0.70710678
 0.70710678 0.70710678 0.70710678 0.70710678 0.70710678 0.70710678
 0.70710678 0.70710678 0.70710678 0.70710678 0.70710678 0.70710678
 0.70710678 0.70710678 0.70710678 0.70710678 0.70710678 0.70710678
 0.70710678 0.70710678 0.70710678 0.70710678 0.70710678 0.70710678
 0.70710678 0.70710678 0.70710678 0.70710678]

Yimpp: [1.         1.         1.         1.         1.         1.
 1.         1.         1.         1.         1.         1.
 1.         1.         1.         1.         1.         1.
 1.         1.         1.         1.         1.         1.
 1.         1.         1.         1.         1.         1.
 1.         1.         1.         1.         1.         1.
 1.         1.         1.         1.         1.         1.
 1.         1.         1.         1.         1.         1.
 1.         1.         1.         1.         1.         1.
 1.         1.         1.         1.         1.         1.
 1.         1.         1.         1.         1.         1.
 1.         1.         1.         1.         1.         1.
 1.         1.         1.         1.         1.         1.
 1.         1.41421356 1.         1.41421356 1.41421356 1.41421356
 1.41421356 1.41421356 1.41421356 1.41421356 1.41421356 1.41421356
 1.41421356 1.41421356 1.41421356 1.41421356 1.41421356 1.41421356
 1.41421356 1.41421356 1.41421356 1.41421356 1.41421356 1.41421356
 1.41421356 1.41421356 1.41421356 1.41421356 1.41421356 1.41421356
 1.41421356 1.41421356 1.41421356 1.41421356 1.41421356 1.41421356
 1.41421356 1.41421356 1.41421356 1.41421356 1.41421356 1.41421356
 1.41421356 1.41421356 1.41421356 1.41421356 1.41421356 1.41421356
 1.41421356 1.41421356 1.41421356 1.41421356 1.41421356 1.41421356
 1.41421356 1.41421356 1.41421356 1.41421356 1.41421356 1.41421356
 1.41421356 1.41421356 1.41421356 1.41421356 1.41421356 1.41421356
 1.41421356 1.41421356 1.41421356 1.41421356 1.41421356 1.41421356
 1.41421356 1.41421356 1.41421356 1.41421356 1.41421356 1.41421356
 1.41421356 1.41421356 1.41421356 1.41421356]

Yimpm: [1.         1.         1.         1.         1.         1.
 1.         1.         1.         1.         1.         1.
 1.         1.         1.         1.         1.         1.
 1.         1.         1.         1.         1.         1.
 1.         1.         1.         1.         1.         1.
 1.         1.         1.         1.         1.         1.
 1.         1.         1.         1.         1.         1.
 1.         1.         1.         1.         1.         1.
 1.         1.         1.         1.         1.         1.
 1.         1.         1.         1.         1.         1.
 1.         1.         1.         1.         1.         1.
 1.         1.         1.         1.         1.         1.
 1.         1.         1.         1.         1.         1.
 1.         1.41421356 1.         1.41421356 1.41421356 1.41421356
 1.41421356 1.41421356 1.41421356 1.41421356 1.41421356 1.41421356
 1.41421356 1.41421356 1.41421356 1.41421356 1.41421356 1.41421356
 1.41421356 1.41421356 1.41421356 1.41421356 1.41421356 1.41421356
 1.41421356 1.41421356 1.41421356 1.41421356 1.41421356 1.41421356
 1.41421356 1.41421356 1.41421356 1.41421356 1.41421356 1.41421356
 1.41421356 1.41421356 1.41421356 1.41421356 1.41421356 1.41421356
 1.41421356 1.41421356 1.41421356 1.41421356 1.41421356 1.41421356
 1.41421356 1.41421356 1.41421356 1.41421356 1.41421356 1.41421356
 1.41421356 1.41421356 1.41421356 1.41421356 1.41421356 1.41421356
 1.41421356 1.41421356 1.41421356 1.41421356 1.41421356 1.41421356
 1.41421356 1.41421356 1.41421356 1.41421356 1.41421356 1.41421356
 1.41421356 1.41421356 1.41421356 1.41421356 1.41421356 1.41421356
 1.41421356 1.41421356 1.41421356 1.41421356]

dE: [ 5.02968965e-16 -8.18789481e-16  8.18789481e-16 -1.41553436e-15
  1.41553436e-15 -3.88578059e-16  3.88578059e-16 -1.27675648e-15
  1.27675648e-15 -1.22124533e-15  1.22124533e-15 -4.44089210e-16
  4.44089210e-16 -8.88178420e-16  8.88178420e-16 -1.11022302e-15
  1.11022302e-15 -2.22044605e-16  2.22044605e-16 -1.11022302e-15
  1.11022302e-15 -2.22044605e-16  2.22044605e-16 -1.44328993e-15
  1.44328993e-15 -4.44089210e-16  4.44089210e-16 -2.22044605e-16
  2.22044605e-16 -6.66133815e-16  6.66133815e-16 -6.66133815e-16
  6.66133815e-16 -2.22044605e-16  2.22044605e-16 -3.33066907e-16
  3.33066907e-16  2.22044605e-16 -2.22044605e-16 -5.55111512e-16
  5.55111512e-16  2.22044605e-16 -2.22044605e-16 -3.33066907e-16
  3.33066907e-16  3.33066907e-16 -3.33066907e-16  3.33066907e-16
 -3.33066907e-16  0.00000000e+00  0.00000000e+00  0.00000000e+00
  0.00000000e+00  3.33066907e-16 -3.33066907e-16  1.44328993e-15
 -1.44328993e-15  5.55111512e-16 -5.55111512e-16  1.44328993e-15
 -1.44328993e-15  7.77156117e-16 -7.77156117e-16  1.33226763e-15
 -1.33226763e-15  7.77156117e-16 -7.77156117e-16  1.11022302e-15
 -1.11022302e-15  1.27675648e-15 -1.27675648e-15  1.05471187e-15
 -1.05471187e-15  1.89136186e-05 -1.89136186e-05 -5.30355490e-04
  5.30355490e-04  2.16472082e-03 -2.16472082e-03 -5.55906008e-04
  5.55906008e-04 -6.24557629e-04  6.24557629e-04  1.69024891e-04
 -1.69024891e-04 -6.68697397e-06  6.68697397e-06  0.00000000e+00
  0.00000000e+00  0.00000000e+00  0.00000000e+00  0.00000000e+00
  0.00000000e+00  0.00000000e+00  0.00000000e+00  0.00000000e+00
  0.00000000e+00  0.00000000e+00  0.00000000e+00  0.00000000e+00
  0.00000000e+00  0.00000000e+00  0.00000000e+00  0.00000000e+00
  0.00000000e+00  0.00000000e+00  0.00000000e+00  0.00000000e+00
  0.00000000e+00  0.00000000e+00  0.00000000e+00  0.00000000e+00
  0.00000000e+00  0.00000000e+00  0.00000000e+00  0.00000000e+00
  0.00000000e+00  0.00000000e+00  0.00000000e+00  0.00000000e+00
  0.00000000e+00  0.00000000e+00  0.00000000e+00  0.00000000e+00
  0.00000000e+00  0.00000000e+00  0.00000000e+00  0.00000000e+00
  0.00000000e+00  0.00000000e+00  0.00000000e+00  0.00000000e+00
  0.00000000e+00  0.00000000e+00  0.00000000e+00  0.00000000e+00
  0.00000000e+00  0.00000000e+00  0.00000000e+00  0.00000000e+00
  0.00000000e+00  0.00000000e+00  0.00000000e+00  0.00000000e+00
  0.00000000e+00  0.00000000e+00  0.00000000e+00  0.00000000e+00
  0.00000000e+00  0.00000000e+00  0.00000000e+00  0.00000000e+00
  0.00000000e+00  0.00000000e+00  0.00000000e+00  0.00000000e+00
  0.00000000e+00  0.00000000e+00  0.00000000e+00  0.00000000e+00]

dH: [ 0.00000000e+00 -1.18655086e-15  1.18655086e-15 -4.74446871e-16
  4.74446871e-16 -1.24032729e-15  1.24032729e-15 -5.72458747e-16
  5.72458747e-16 -9.21138166e-16  9.21138166e-16 -6.76542156e-16
  6.76542156e-16 -9.73179870e-16  9.73179870e-16 -4.39752401e-16
  4.39752401e-16  6.59194921e-16 -6.59194921e-16 -7.34655392e-16
  7.34655392e-16 -1.15185639e-15  1.15185639e-15 -7.74554032e-16
  7.74554032e-16 -1.40686074e-15  1.40686074e-15  3.06178694e-16
 -3.06178694e-16 -1.77375475e-16  1.77375475e-16 -7.19910243e-17
  7.19910243e-17 -3.40439482e-16  3.40439482e-16 -4.49293380e-16
  4.49293380e-16 -3.68953999e-16  3.68953999e-16  5.70538540e-16
 -5.70538540e-16 -5.70940864e-16  5.70940864e-16  1.13841228e-15
 -1.13841228e-15  6.57026517e-16 -6.57026517e-16  4.29344060e-17
 -4.29344060e-17 -2.84060969e-16  2.84060969e-16 -4.60135402e-16
  4.60135402e-16  9.94863913e-16 -9.94863913e-16  1.14665222e-15
 -1.14665222e-15  2.20309881e-16 -2.20309881e-16  4.59701721e-16
 -4.59701721e-16  4.01588485e-16 -4.01588485e-16  1.90819582e-16
 -1.90819582e-16 -7.26849136e-16  7.26849136e-16  3.36536354e-16
 -3.36536354e-16  5.71591385e-16 -5.71591385e-16  5.55111512e-16
 -5.55111512e-16 -1.89136186e-05  1.89136186e-05  5.30355490e-04
 -5.30355490e-04 -2.16472082e-03  2.16472082e-03 -4.25543311e-04
  4.25543311e-04 -8.83257869e-04  8.83257869e-04  2.39037293e-04
 -2.39037293e-04 -9.45680929e-06  9.45680929e-06  0.00000000e+00
  0.00000000e+00  0.00000000e+00  0.00000000e+00  0.00000000e+00
  0.00000000e+00  0.00000000e+00  0.00000000e+00  0.00000000e+00
  0.00000000e+00  0.00000000e+00  0.00000000e+00  0.00000000e+00
  0.00000000e+00  0.00000000e+00  0.00000000e+00  0.00000000e+00
  0.00000000e+00  0.00000000e+00  0.00000000e+00  0.00000000e+00
  0.00000000e+00  0.00000000e+00  0.00000000e+00  0.00000000e+00
  0.00000000e+00  0.00000000e+00  0.00000000e+00  0.00000000e+00
  0.00000000e+00  0.00000000e+00  0.00000000e+00  0.00000000e+00
  0.00000000e+00  0.00000000e+00  0.00000000e+00  0.00000000e+00
  0.00000000e+00  0.00000000e+00  0.00000000e+00  0.00000000e+00
  0.00000000e+00  0.00000000e+00  0.00000000e+00  0.00000000e+00
  0.00000000e+00  0.00000000e+00  0.00000000e+00  0.00000000e+00
  0.00000000e+00  0.00000000e+00  0.00000000e+00  0.00000000e+00
  0.00000000e+00  0.00000000e+00  0.00000000e+00  0.00000000e+00
  0.00000000e+00  0.00000000e+00  0.00000000e+00  0.00000000e+00
  0.00000000e+00  0.00000000e+00  0.00000000e+00  0.00000000e+00
  0.00000000e+00  0.00000000e+00  0.00000000e+00  0.00000000e+00
  0.00000000e+00  0.00000000e+00  0.00000000e+00  0.00000000e+00]
