
Zimpp: [1.         1.         1.         1.         1.         1.
 1.         1.         1.         1.         1.         1.
 1.         1.         1.         1.         1.         1.
 1.         1.         1.         1.         1.         1.
 1.         1.         1.         1.         1.         1.
 1.         1.         1.         1.         1.         1.
 1.         1.         1.         1.         1.         1.
 1.         1.         1.         1.         1.         1.
 1.         1.         1.         1.         1.         1.
 1.         1.         1.         1.         1.         1.
 1.         1.         1.         1.         1.         1.
 1.         1.         1.         1.         1.         1.
 1.         1.         1.         1.         1.         1.
 1.         0.70710678 1.         0.70710678 0.70710678 0.70710678
 0.70710678 0.70710678 0.70710678 0.70710678 0.70710678 0.70710678
 0.70710678 0.70710678 0.70710678 0.70710678 0.70710678 0.70710678
 0.70710678 0.70710678 0.70710678 0.70710678 0.70710678 0.70710678
 0.70710678 0.70710678 0.70710678 0.70710678 0.70710678 0.70710678
 0.70710678 0.70710678 0.70710678 0.70710678 0.70710678 0.70710678
 0.70710678 0.70710678 0.70710678 0.70710678 0.70710678 0.70710678
 0.70710678 0.70710678 0.70710678 0.70710678 0.70710678 0.70710678
 0.70710678 0.70710678 0.70710678 0.70710678 0.70710678 0.70710678
 0.70710678 0.70710678 0.70710678 0.70710678 0.70710678 0.70710678
 0.70710678 0.70710678 0.70710678 0.70710678 0.70710678 0.70710678
 0.70710678 0.70710678 0.70710678 0.70710678 0.70710678 0.70710678
 0.70710678 0.70710678 0.70710678 0.70710678 0.70710678 0.70710678
 0.70710678 0.70710678 0.70710678 0.70710678]

Zimpm: [1.         1.         1.         1.         1.         1.
 1.         1.         1.         1.         1.         1.
 1.         1.         1.         1.         1.         1.
 1.         1.         1.         1.         1.         1.
 1.         1.         1.         1.         1.         1.
 1.         1.         1.         1.         1.         1.
 1.         1.         1.         1.         1.         1.
 1.         1.         1.         1.         1.         1.
 1.         1.         1.         1.         1.         1.
 1.         1.         1.         1.         1.         1.
 1.         1.         1.         1.         1.         1.
 1.         1.         1.         1.         1.         1.
 1.         1.         1.         1.         1.         1.
 1.         1.         0.70710678 0.70710678 0.70710678 0.70710678
 0.70710678 0.70710678 0.70710678 0.70710678 0.70710678 0.70710678
 0.70710678 0.70710678 0.70710678 0.70710678 0.70710678 0.70710678
 0.70710678 0.70710678 0.70710678 0.70710678 0.70710678 0.70710678
 0.70710678 0.70710678 0.70710678 0.70710678 0.70710678 0.70710678
 0.70710678 0.70710678 0.70710678 0.70710678 0.70710678 0.70710678
 0.70710678 0.70710678 0.70710678 0.70710678 0.70710678 0.70710678
 0.70710678 0.70710678 0.70710678 0.70710678 0.70710678 0.70710678
 0.70710678 0.70710678 0.70710678 0.70710678 0.70710678 0.70710678
 0.70710678 0.70710678 0.70710678 0.70710678 0.70710678 0.70710678
 0.70710678 0.70710678 0.70710678 0.70710678 0.70710678 0.70710678
 0.70710678 0.70710678 0.70710678 0.70710678 0.70710678 0.70710678
 0.70710678 0.70710678 0.70710678 0.70710678 0.70710678 0.70710678
 0.70710678 0.70710678 0.70710678 0.70710678]

Yimpp: [1.         1.         1.         1.         1.         1.
 1.         1.         1.         1.         1.         1.
 1.         1.         1.         1.         1.         1.
 1.         1.         1.         1.         1.         1.
 1.         1.         1.         1.         1.         1.
 1.         1.         1.         1.         1.         1.
 1.         1.         1.         1.         1.         1.
 1.         1.         1.         1.         1.         1.
 1.         1.         1.         1.         1.         1.
 1.         1.         1.         1.         1.         1.
 1.         1.         1.         1.         1.         1.
 1.         1.         1.         1.         1.         1.
 1.         1.         1.         1.         1.         1.
 1.         1.41421356 1.         1.41421356 1.41421356 1.41421356
 1.41421356 1.41421356 1.41421356 1.41421356 1.41421356 1.41421356
 1.41421356 1.41421356 1.41421356 1.41421356 1.41421356 1.41421356
 1.41421356 1.41421356 1.41421356 1.41421356 1.41421356 1.41421356
 1.41421356 1.41421356 1.41421356 1.41421356 1.41421356 1.41421356
 1.41421356 1.41421356 1.41421356 1.41421356 1.41421356 1.41421356
 1.41421356 1.41421356 1.41421356 1.41421356 1.41421356 1.41421356
 1.41421356 1.41421356 1.41421356 1.41421356 1.41421356 1.41421356
 1.41421356 1.41421356 1.41421356 1.41421356 1.41421356 1.41421356
 1.41421356 1.41421356 1.41421356 1.41421356 1.41421356 1.41421356
 1.41421356 1.41421356 1.41421356 1.41421356 1.41421356 1.41421356
 1.41421356 1.41421356 1.41421356 1.41421356 1.41421356 1.41421356
 1.41421356 1.41421356 1.41421356 1.41421356 1.41421356 1.41421356
 1.41421356 1.41421356 1.41421356 1.41421356]

Yimpm: [1.         1.         1.         1.         1.         1.
 1.         1.         1.         1.         1.         1.
 1.         1.         1.         1.         1.         1.
 1.         1.         1.         1.         1.         1.
 1.         1.         1.         1.         1.         1.
 1.         1.         1.         1.         1.         1.
 1.         1.         1.         1.         1.         1.
 1.         1.         1.         1.         1.         1.
 1.         1.         1.         1.         1.         1.
 1.         1.         1.         1.         1.         1.
 1.         1.         1.         1.         1.         1.
 1.         1.         1.         1.         1.         1.
 1.         1.         1.         1.         1.         1.
 1.         1.41421356 1.         1.41421356 1.41421356 1.41421356
 1.41421356 1.41421356 1.41421356 1.41421356 1.41421356 1.41421356
 1.41421356 1.41421356 1.41421356 1.41421356 1.41421356 1.41421356
 1.41421356 1.41421356 1.41421356 1.41421356 1.41421356 1.41421356
 1.41421356 1.41421356 1.41421356 1.41421356 1.41421356 1.41421356
 1.41421356 1.41421356 1.41421356 1.41421356 1.41421356 1.41421356
 1.41421356 1.41421356 1.41421356 1.41421356 1.41421356 1.41421356
 1.41421356 1.41421356 1.41421356 1.41421356 1.41421356 1.41421356
 1.41421356 1.41421356 1.41421356 1.41421356 1.41421356 1.41421356
 1.41421356 1.41421356 1.41421356 1.41421356 1.41421356 1.41421356
 1.41421356 1.41421356 1.41421356 1.41421356 1.41421356 1.41421356
 1.41421356 1.41421356 1.41421356 1.41421356 1.41421356 1.41421356
 1.41421356 1.41421356 1.41421356 1.41421356 1.41421356 1.41421356
 1.41421356 1.41421356 1.41421356 1.41421356]

dE: [ 2.23534284e-15 -2.01227923e-15  2.01227923e-15 -1.47104551e-15
  1.47104551e-15 -5.82867088e-16  5.82867088e-16 -2.38697950e-15
  2.38697950e-15 -1.49880108e-15  1.49880108e-15 -7.21644966e-16
  7.21644966e-16 -2.55351296e-15  2.55351296e-15 -1.66533454e-15
  1.66533454e-15 -1.22124533e-15  1.22124533e-15 -2.10942375e-15
  2.10942375e-15  1.11022302e-16 -1.11022302e-16 -2.55351296e-15
  2.55351296e-15 -1.33226763e-15  1.33226763e-15 -5.55111512e-16
  5.55111512e-16 -1.88737914e-15  1.88737914e-15  2.68673972e-14
 -2.68673972e-14 -1.03284048e-12  1.03284048e-12  3.01684233e-11
 -3.01684233e-11 -6.53613497e-10  6.53613497e-10  1.05530475e-08
 -1.05530475e-08 -1.26242452e-07  1.26242452e-07  1.10023073e-06
 -1.10023073e-06 -6.75808539e-06  6.75808539e-06  2.74047111e-05
 -2.74047111e-05 -6.24380848e-05  6.24380848e-05  3.04297718e-05
 -3.04297718e-05  1.81634235e-04 -1.81634235e-04 -2.68329766e-04
  2.68329766e-04 -2.30097120e-04  2.30097120e-04  3.81893522e-04
 -3.81893522e-04  2.42158049e-04 -2.42158049e-04 -8.99040419e-05
  8.99040419e-05 -2.59113631e-05  2.59113631e-05  4.86002716e-06
 -4.86002716e-06 -2.02155228e-05  2.02155228e-05 -2.37932531e-06
  2.37932531e-06  9.30849867e-06 -9.30849867e-06  1.20113037e-05
 -1.20113037e-05  6.98453917e-05 -6.98453917e-05 -6.22445571e-04
  6.22445571e-04  3.75690419e-05 -3.75690419e-05 -1.09419914e-05
  1.09419914e-05  1.82465995e-06 -1.82465995e-06  1.19377702e-07
 -1.19377702e-07  1.36638534e-07 -1.36638534e-07  1.35468811e-07
 -1.35468811e-07  1.28508423e-07 -1.28508423e-07  3.77800231e-08
 -3.77800231e-08  1.33919926e-08 -1.33919926e-08  2.16712712e-09
 -2.16712712e-09 -1.50118880e-08  1.50118880e-08 -2.20776613e-09
  2.20776613e-09  3.58748030e-09 -3.58748030e-09 -1.25122642e-10
  1.25122642e-10 -3.78675132e-10  3.78675132e-10  8.59428306e-11
 -8.59428306e-11  5.35943364e-12 -5.35943364e-12 -5.60921403e-12
  5.60921403e-12  1.22108507e-12 -1.22108507e-12 -1.53031221e-13
  1.53031221e-13  1.28001419e-14 -1.28001419e-14 -7.51703009e-16
  7.51703009e-16  3.15190328e-17 -3.15190328e-17 -9.40388742e-19
  9.40388742e-19  1.95137986e-20 -1.95137986e-20 -2.67732558e-22
  2.67732558e-22  2.18333011e-24 -2.18333011e-24 -8.01160444e-27
  8.01160444e-27  0.00000000e+00  0.00000000e+00  0.00000000e+00
  0.00000000e+00  0.00000000e+00  0.00000000e+00  0.00000000e+00
  0.00000000e+00  0.00000000e+00  0.00000000e+00  0.00000000e+00
  0.00000000e+00  0.00000000e+00  0.00000000e+00  0.00000000e+00
  0.00000000e+00  0.00000000e+00  0.00000000e+00  0.00000000e+00
  0.00000000e+00  0.00000000e+00  0.00000000e+00  0.00000000e+00]

dH: [ 0.00000000e+00  3.74700271e-16 -3.74700271e-16 -2.77555756e-17
  2.77555756e-17 -9.02056208e-16  9.02056208e-16  1.17961196e-16
 -1.17961196e-16  7.42461648e-16 -7.42461648e-16  9.02056208e-17
 -9.02056208e-17  9.15933995e-16 -9.15933995e-16  1.08940634e-15
 -1.08940634e-15 -7.14706072e-16  7.14706072e-16 -3.33066907e-16
  3.33066907e-16 -1.72084569e-15  1.72084569e-15 -1.97758476e-16
  1.97758476e-16  3.36536354e-16 -3.36536354e-16 -7.73686670e-16
  7.73686670e-16 -7.45931095e-17  7.45931095e-17 -2.68014777e-14
  2.68014777e-14  1.03367835e-12 -1.03367835e-12 -3.01705397e-11
  3.01705397e-11  6.53614422e-10 -6.53614422e-10 -1.05530472e-08
  1.05530472e-08  1.26242453e-07 -1.26242453e-07 -1.10023073e-06
  1.10023073e-06  6.75808539e-06 -6.75808539e-06 -2.74047111e-05
  2.74047111e-05  6.24380848e-05 -6.24380848e-05 -3.04297718e-05
  3.04297718e-05 -1.81634235e-04  1.81634235e-04  2.68329766e-04
 -2.68329766e-04  2.30097120e-04 -2.30097120e-04 -3.81893522e-04
  3.81893522e-04 -2.42158049e-04  2.42158049e-04  8.99040419e-05
 -8.99040419e-05  2.59113631e-05 -2.59113631e-05 -4.86002715e-06
  4.86002715e-06  2.02155228e-05 -2.02155228e-05  2.37932532e-06
 -2.37932532e-06 -9.30849866e-06  9.30849866e-06 -1.20113037e-05
  1.20113037e-05 -6.98453917e-05  6.98453917e-05 -8.23483528e-04
  8.23483528e-04  5.31306486e-05 -5.31306486e-05 -1.54743126e-05
  1.54743126e-05  2.58045885e-06 -2.58045885e-06  1.68825566e-07
 -1.68825566e-07  1.93236068e-07 -1.93236068e-07  1.91581830e-07
 -1.91581830e-07  1.81738355e-07 -1.81738355e-07  5.34290211e-08
 -5.34290211e-08  1.89391375e-08 -1.89391375e-08  3.06478056e-09
 -3.06478056e-09 -2.12300156e-08  2.12300156e-08 -3.12225280e-09
  3.12225280e-09  5.07346329e-09 -5.07346329e-09 -1.76950137e-10
  1.76950137e-10 -5.35527508e-10  5.35527508e-10  1.21541517e-10
 -1.21541517e-10  7.57938374e-12 -7.57938374e-12 -7.93262655e-12
  7.93262655e-12  1.72687507e-12 -1.72687507e-12 -2.16418828e-13
  2.16418828e-13  1.81021342e-14 -1.81021342e-14 -1.06306859e-15
  1.06306859e-15  4.45746437e-17 -4.45746437e-17 -1.32991051e-18
  1.32991051e-18  2.75966786e-20 -2.75966786e-20 -3.78631015e-22
  3.78631015e-22  3.08769505e-24 -3.08769505e-24 -1.13301197e-26
  1.13301197e-26  0.00000000e+00  0.00000000e+00  0.00000000e+00
  0.00000000e+00  0.00000000e+00  0.00000000e+00  0.00000000e+00
  0.00000000e+00  0.00000000e+00  0.00000000e+00  0.00000000e+00
  0.00000000e+00  0.00000000e+00  0.00000000e+00  0.00000000e+00
  0.00000000e+00  0.00000000e+00  0.00000000e+00  0.00000000e+00
  0.00000000e+00  0.00000000e+00  0.00000000e+00  0.00000000e+00]
