
Zimpp: [1.         1.         1.         1.         1.         1.
 1.         1.         1.         1.         1.         1.
 1.         1.         1.         1.         1.         1.
 1.         1.         1.         1.         1.         1.
 1.         1.         1.         1.         1.         1.
 1.         1.         1.         1.         1.         1.
 1.         1.         1.         1.         1.         1.
 1.         1.         1.         1.         1.         1.
 1.         1.         1.         1.         1.         1.
 1.         1.         1.         1.         1.         1.
 1.         1.         1.         1.         1.         1.
 1.         1.         1.         1.         1.         1.
 1.         1.         1.         1.         1.         1.
 1.         0.70710678 1.         0.70710678 0.70710678 0.70710678
 0.70710678 0.70710678 0.70710678 0.70710678 0.70710678 0.70710678
 0.70710678 0.70710678 0.70710678 0.70710678 0.70710678 0.70710678
 0.70710678 0.70710678 0.70710678 0.70710678 0.70710678 0.70710678
 0.70710678 0.70710678 0.70710678 0.70710678 0.70710678 0.70710678
 0.70710678 0.70710678 0.70710678 0.70710678 0.70710678 0.70710678
 0.70710678 0.70710678 0.70710678 0.70710678 0.70710678 0.70710678
 0.70710678 0.70710678 0.70710678 0.70710678 0.70710678 0.70710678
 0.70710678 0.70710678 0.70710678 0.70710678 0.70710678 0.70710678
 0.70710678 0.70710678 0.70710678 0.70710678 0.70710678 0.70710678
 0.70710678 0.70710678 0.70710678 0.70710678 0.70710678 0.70710678
 0.70710678 0.70710678 0.70710678 0.70710678 0.70710678 0.70710678
 0.70710678 0.70710678 0.70710678 0.70710678 0.70710678 0.70710678
 0.70710678 0.70710678 0.70710678 0.70710678]

Zimpm: [1.         1.         1.         1.         1.         1.
 1.         1.         1.         1.         1.         1.
 1.         1.         1.         1.         1.         1.
 1.         1.         1.         1.         1.         1.
 1.         1.         1.         1.         1.         1.
 1.         1.         1.         1.         1.         1.
 1.         1.         1.         1.         1.         1.
 1.         1.         1.         1.         1.         1.
 1.         1.         1.         1.         1.         1.
 1.         1.         1.         1.         1.         1.
 1.         1.         1.         1.         1.         1.
 1.         1.         1.         1.         1.         1.
 1.         1.         1.         1.         1.         1.
 1.         1.         0.70710678 0.70710678 0.70710678 0.70710678
 0.70710678 0.70710678 0.70710678 0.70710678 0.70710678 0.70710678
 0.70710678 0.70710678 0.70710678 0.70710678 0.70710678 0.70710678
 0.70710678 0.70710678 0.70710678 0.70710678 0.70710678 0.70710678
 0.70710678 0.70710678 0.70710678 0.70710678 0.70710678 0.70710678
 0.70710678 0.70710678 0.70710678 0.70710678 0.70710678 0.70710678
 0.70710678 0.70710678 0.70710678 0.70710678 0.70710678 0.70710678
 0.70710678 0.70710678 0.70710678 0.70710678 0.70710678 0.70710678
 0.70710678 0.70710678 0.70710678 0.70710678 0.70710678 0.70710678
 0.70710678 0.70710678 0.70710678 0.70710678 0.70710678 0.70710678
 0.70710678 0.70710678 0.70710678 0.70710678 0.70710678 0.70710678
 0.70710678 0.70710678 0.70710678 0.70710678 0.70710678 0.70710678
 0.70710678 0.70710678 0.70710678 0.70710678 0.70710678 0.70710678
 0.70710678 0.70710678 0.70710678 0.70710678]

Yimpp: [1.         1.         1.         1.         1.         1.
 1.         1.         1.         1.         1.         1.
 1.         1.         1.         1.         1.         1.
 1.         1.         1.         1.         1.         1.
 1.         1.         1.         1.         1.         1.
 1.         1.         1.         1.         1.         1.
 1.         1.         1.         1.         1.         1.
 1.         1.         1.         1.         1.         1.
 1.         1.         1.         1.         1.         1.
 1.         1.         1.         1.         1.         1.
 1.         1.         1.         1.         1.         1.
 1.         1.         1.         1.         1.         1.
 1.         1.         1.         1.         1.         1.
 1.         1.41421356 1.         1.41421356 1.41421356 1.41421356
 1.41421356 1.41421356 1.41421356 1.41421356 1.41421356 1.41421356
 1.41421356 1.41421356 1.41421356 1.41421356 1.41421356 1.41421356
 1.41421356 1.41421356 1.41421356 1.41421356 1.41421356 1.41421356
 1.41421356 1.41421356 1.41421356 1.41421356 1.41421356 1.41421356
 1.41421356 1.41421356 1.41421356 1.41421356 1.41421356 1.41421356
 1.41421356 1.41421356 1.41421356 1.41421356 1.41421356 1.41421356
 1.41421356 1.41421356 1.41421356 1.41421356 1.41421356 1.41421356
 1.41421356 1.41421356 1.41421356 1.41421356 1.41421356 1.41421356
 1.41421356 1.41421356 1.41421356 1.41421356 1.41421356 1.41421356
 1.41421356 1.41421356 1.41421356 1.41421356 1.41421356 1.41421356
 1.41421356 1.41421356 1.41421356 1.41421356 1.41421356 1.41421356
 1.41421356 1.41421356 1.41421356 1.41421356 1.41421356 1.41421356
 1.41421356 1.41421356 1.41421356 1.41421356]

Yimpm: [1.         1.         1.         1.         1.         1.
 1.         1.         1.         1.         1.         1.
 1.         1.         1.         1.         1.         1.
 1.         1.         1.         1.         1.         1.
 1.         1.         1.         1.         1.         1.
 1.         1.         1.         1.         1.         1.
 1.         1.         1.         1.         1.         1.
 1.         1.         1.         1.         1.         1.
 1.         1.         1.         1.         1.         1.
 1.         1.         1.         1.         1.         1.
 1.         1.         1.         1.         1.         1.
 1.         1.         1.         1.         1.         1.
 1.         1.         1.         1.         1.         1.
 1.         1.41421356 1.         1.41421356 1.41421356 1.41421356
 1.41421356 1.41421356 1.41421356 1.41421356 1.41421356 1.41421356
 1.41421356 1.41421356 1.41421356 1.41421356 1.41421356 1.41421356
 1.41421356 1.41421356 1.41421356 1.41421356 1.41421356 1.41421356
 1.41421356 1.41421356 1.41421356 1.41421356 1.41421356 1.41421356
 1.41421356 1.41421356 1.41421356 1.41421356 1.41421356 1.41421356
 1.41421356 1.41421356 1.41421356 1.41421356 1.41421356 1.41421356
 1.41421356 1.41421356 1.41421356 1.41421356 1.41421356 1.41421356
 1.41421356 1.41421356 1.41421356 1.41421356 1.41421356 1.41421356
 1.41421356 1.41421356 1.41421356 1.41421356 1.41421356 1.41421356
 1.41421356 1.41421356 1.41421356 1.41421356 1.41421356 1.41421356
 1.41421356 1.41421356 1.41421356 1.41421356 1.41421356 1.41421356
 1.41421356 1.41421356 1.41421356 1.41421356 1.41421356 1.41421356
 1.41421356 1.41421356 1.41421356 1.41421356]

dE: [-2.4492936e-16  0.0000000e+00  0.0000000e+00  0.0000000e+00
  0.0000000e+00  0.0000000e+00  0.0000000e+00  0.0000000e+00
  0.0000000e+00  0.0000000e+00  0.0000000e+00  0.0000000e+00
  0.0000000e+00  0.0000000e+00  0.0000000e+00  0.0000000e+00
  0.0000000e+00  0.0000000e+00  0.0000000e+00  0.0000000e+00
  0.0000000e+00  0.0000000e+00  0.0000000e+00  0.0000000e+00
  0.0000000e+00  0.0000000e+00  0.0000000e+00  0.0000000e+00
  0.0000000e+00  0.0000000e+00  0.0000000e+00  0.0000000e+00
  0.0000000e+00  0.0000000e+00  0.0000000e+00  0.0000000e+00
  0.0000000e+00  0.0000000e+00  0.0000000e+00  0.0000000e+00
  0.0000000e+00  0.0000000e+00  0.0000000e+00  0.0000000e+00
  0.0000000e+00  0.0000000e+00  0.0000000e+00  0.0000000e+00
  0.0000000e+00  0.0000000e+00  0.0000000e+00  0.0000000e+00
  0.0000000e+00  0.0000000e+00  0.0000000e+00  0.0000000e+00
  0.0000000e+00  0.0000000e+00  0.0000000e+00  0.0000000e+00
  0.0000000e+00  0.0000000e+00  0.0000000e+00  0.0000000e+00
  0.0000000e+00  0.0000000e+00  0.0000000e+00  0.0000000e+00
  0.0000000e+00  0.0000000e+00  0.0000000e+00  0.0000000e+00
  0.0000000e+00  0.0000000e+00  0.0000000e+00  0.0000000e+00
  0.0000000e+00  0.0000000e+00  0.0000000e+00  0.0000000e+00
  0.0000000e+00  0.0000000e+00  0.0000000e+00  0.0000000e+00
  0.0000000e+00  0.0000000e+00  0.0000000e+00  0.0000000e+00
  0.0000000e+00  0.0000000e+00  0.0000000e+00  0.0000000e+00
  0.0000000e+00  0.0000000e+00  0.0000000e+00  0.0000000e+00
  0.0000000e+00  0.0000000e+00  0.0000000e+00  0.0000000e+00
  0.0000000e+00  0.0000000e+00  0.0000000e+00  0.0000000e+00
  0.0000000e+00  0.0000000e+00  0.0000000e+00  0.0000000e+00
  0.0000000e+00  0.0000000e+00  0.0000000e+00  0.0000000e+00
  0.0000000e+00  0.0000000e+00  0.0000000e+00  0.0000000e+00
  0.0000000e+00  0.0000000e+00  0.0000000e+00  0.0000000e+00
  0.0000000e+00  0.0000000e+00  0.0000000e+00  0.0000000e+00
  0.0000000e+00  0.0000000e+00  0.0000000e+00  0.0000000e+00
  0.0000000e+00  0.0000000e+00  0.0000000e+00  0.0000000e+00
  0.0000000e+00  0.0000000e+00  0.0000000e+00  0.0000000e+00
  0.0000000e+00  0.0000000e+00  0.0000000e+00  0.0000000e+00
  0.0000000e+00  0.0000000e+00  0.0000000e+00  0.0000000e+00
  0.0000000e+00  0.0000000e+00  0.0000000e+00  0.0000000e+00
  0.0000000e+00  0.0000000e+00  0.0000000e+00  0.0000000e+00
  0.0000000e+00  0.0000000e+00  0.0000000e+00  0.0000000e+00
  0.0000000e+00  0.0000000e+00  0.0000000e+00  0.0000000e+00]

dH: [0. 0. 0. 0. 0. 0. 0. 0. 0. 0. 0. 0. 0. 0. 0. 0. 0. 0. 0. 0. 0. 0. 0. 0.
 0. 0. 0. 0. 0. 0. 0. 0. 0. 0. 0. 0. 0. 0. 0. 0. 0. 0. 0. 0. 0. 0. 0. 0.
 0. 0. 0. 0. 0. 0. 0. 0. 0. 0. 0. 0. 0. 0. 0. 0. 0. 0. 0. 0. 0. 0. 0. 0.
 0. 0. 0. 0. 0. 0. 0. 0. 0. 0. 0. 0. 0. 0. 0. 0. 0. 0. 0. 0. 0. 0. 0. 0.
 0. 0. 0. 0. 0. 0. 0. 0. 0. 0. 0. 0. 0. 0. 0. 0. 0. 0. 0. 0. 0. 0. 0. 0.
 0. 0. 0. 0. 0. 0. 0. 0. 0. 0. 0. 0. 0. 0. 0. 0. 0. 0. 0. 0. 0. 0. 0. 0.
 0. 0. 0. 0. 0. 0. 0. 0. 0. 0. 0. 0. 0. 0. 0. 0.]
