
N: 6

Nv: 81

VX: [-1.    -0.975 -0.95  -0.925 -0.9   -0.875 -0.85  -0.825 -0.8   -0.775
 -0.75  -0.725 -0.7   -0.675 -0.65  -0.625 -0.6   -0.575 -0.55  -0.525
 -0.5   -0.475 -0.45  -0.425 -0.4   -0.375 -0.35  -0.325 -0.3   -0.275
 -0.25  -0.225 -0.2   -0.175 -0.15  -0.125 -0.1   -0.075 -0.05  -0.025
  0.     0.025  0.05   0.075  0.1    0.125  0.15   0.175  0.2    0.225
  0.25   0.275  0.3    0.325  0.35   0.375  0.4    0.425  0.45   0.475
  0.5    0.525  0.55   0.575  0.6    0.625  0.65   0.675  0.7    0.725
  0.75   0.775  0.8    0.825  0.85   0.875  0.9    0.925  0.95   0.975
  1.   ]

K: 80

EToV: [[ 1  2]
 [ 2  3]
 [ 3  4]
 [ 4  5]
 [ 5  6]
 [ 6  7]
 [ 7  8]
 [ 8  9]
 [ 9 10]
 [10 11]
 [11 12]
 [12 13]
 [13 14]
 [14 15]
 [15 16]
 [16 17]
 [17 18]
 [18 19]
 [19 20]
 [20 21]
 [21 22]
 [22 23]
 [23 24]
 [24 25]
 [25 26]
 [26 27]
 [27 28]
 [28 29]
 [29 30]
 [30 31]
 [31 32]
 [32 33]
 [33 34]
 [34 35]
 [35 36]
 [36 37]
 [37 38]
 [38 39]
 [39 40]
 [40 41]
 [41 42]
 [42 43]
 [43 44]
 [44 45]
 [45 46]
 [46 47]
 [47 48]
 [48 49]
 [49 50]
 [50 51]
 [51 52]
 [52 53]
 [53 54]
 [54 55]
 [55 56]
 [56 57]
 [57 58]
 [58 59]
 [59 60]
 [60 61]
 [61 62]
 [62 63]
 [63 64]
 [64 65]
 [65 66]
 [66 67]
 [67 68]
 [68 69]
 [69 70]
 [70 71]
 [71 72]
 [72 73]
 [73 74]
 [74 75]
 [75 76]
 [76 77]
 [77 78]
 [78 79]
 [79 80]
 [80 81]]

r: [-1.         -0.8302239  -0.46884879  0.          0.46884879  0.8302239
  1.        ]

V: [[ 0.70710678 -1.22474487  1.58113883 -1.87082869  2.12132034 -2.34520788
   2.54950976]
 [ 0.70710678 -1.01681246  0.844182   -0.34664357 -0.27837265  0.8075389
  -1.05741035]
 [ 0.70710678 -0.57422016 -0.26922243  0.83367547 -0.50470428 -0.36516627
   0.84670706]
 [ 0.70710678  0.         -0.79056942 -0.          0.79549513  0.
  -0.7967218 ]
 [ 0.70710678  0.57422016 -0.26922243 -0.83367547 -0.50470428  0.36516627
   0.84670706]
 [ 0.70710678  1.01681246  0.844182    0.34664357 -0.27837265 -0.8075389
  -1.05741035]
 [ 0.70710678  1.22474487  1.58113883  1.87082869  2.12132034  2.34520788
   2.54950976]]

Dr: [[-1.05000000e+01  1.42015766e+01 -5.66898523e+00  3.20000000e+00
  -2.04996481e+00  1.31737344e+00 -5.00000000e-01]
 [-2.44292601e+00  5.14127686e-15  3.45582821e+00 -1.59860669e+00
   9.61339797e-01 -6.02247180e-01  2.26611870e-01]
 [ 6.25256666e-01 -2.21580428e+00 -2.39476306e-15  2.26669809e+00
  -1.06644190e+00  6.16390836e-01 -2.26099401e-01]
 [-3.12500000e-01  9.07544471e-01 -2.00696924e+00  4.05375546e-16
   2.00696924e+00 -9.07544471e-01  3.12500000e-01]
 [ 2.26099401e-01 -6.16390836e-01  1.06644190e+00 -2.26669809e+00
   2.19140194e-15  2.21580428e+00 -6.25256666e-01]
 [-2.26611870e-01  6.02247180e-01 -9.61339797e-01  1.59860669e+00
  -3.45582821e+00 -4.96109235e-15  2.44292601e+00]
 [ 5.00000000e-01 -1.31737344e+00  2.04996481e+00 -3.20000000e+00
   5.66898523e+00 -1.42015766e+01  1.05000000e+01]]

LIFT: [[24.5         3.5       ]
 [-1.45162661 -1.45162661]
 [ 1.16237041  1.16237041]
 [-1.09375    -1.09375   ]
 [ 1.16237041  1.16237041]
 [-1.45162661 -1.45162661]
 [ 3.5        24.5       ]]

x: [[-1.         -0.975      -0.95       -0.925      -0.9        -0.875
  -0.85       -0.825      -0.8        -0.775      -0.75       -0.725
  -0.7        -0.675      -0.65       -0.625      -0.6        -0.575
  -0.55       -0.525      -0.5        -0.475      -0.45       -0.425
  -0.4        -0.375      -0.35       -0.325      -0.3        -0.275
  -0.25       -0.225      -0.2        -0.175      -0.15       -0.125
  -0.1        -0.075      -0.05       -0.025       0.          0.025
   0.05        0.075       0.1         0.125       0.15        0.175
   0.2         0.225       0.25        0.275       0.3         0.325
   0.35        0.375       0.4         0.425       0.45        0.475
   0.5         0.525       0.55        0.575       0.6         0.625
   0.65        0.675       0.7         0.725       0.75        0.775
   0.8         0.825       0.85        0.875       0.9         0.925
   0.95        0.975     ]
 [-0.9978778  -0.9728778  -0.9478778  -0.9228778  -0.8978778  -0.8728778
  -0.8478778  -0.8228778  -0.7978778  -0.7728778  -0.7478778  -0.7228778
  -0.6978778  -0.6728778  -0.6478778  -0.6228778  -0.5978778  -0.5728778
  -0.5478778  -0.5228778  -0.4978778  -0.4728778  -0.4478778  -0.4228778
  -0.3978778  -0.3728778  -0.3478778  -0.3228778  -0.2978778  -0.2728778
  -0.2478778  -0.2228778  -0.1978778  -0.1728778  -0.1478778  -0.1228778
  -0.0978778  -0.0728778  -0.0478778  -0.0228778   0.0021222   0.0271222
   0.0521222   0.0771222   0.1021222   0.1271222   0.1521222   0.1771222
   0.2021222   0.2271222   0.2521222   0.2771222   0.3021222   0.3271222
   0.3521222   0.3771222   0.4021222   0.4271222   0.4521222   0.4771222
   0.5021222   0.5271222   0.5521222   0.5771222   0.6021222   0.6271222
   0.6521222   0.6771222   0.7021222   0.7271222   0.7521222   0.7771222
   0.8021222   0.8271222   0.8521222   0.8771222   0.9021222   0.9271222
   0.9521222   0.9771222 ]
 [-0.99336061 -0.96836061 -0.94336061 -0.91836061 -0.89336061 -0.86836061
  -0.84336061 -0.81836061 -0.79336061 -0.76836061 -0.74336061 -0.71836061
  -0.69336061 -0.66836061 -0.64336061 -0.61836061 -0.59336061 -0.56836061
  -0.54336061 -0.51836061 -0.49336061 -0.46836061 -0.44336061 -0.41836061
  -0.39336061 -0.36836061 -0.34336061 -0.31836061 -0.29336061 -0.26836061
  -0.24336061 -0.21836061 -0.19336061 -0.16836061 -0.14336061 -0.11836061
  -0.09336061 -0.06836061 -0.04336061 -0.01836061  0.00663939  0.03163939
   0.05663939  0.08163939  0.10663939  0.13163939  0.15663939  0.18163939
   0.20663939  0.23163939  0.25663939  0.28163939  0.30663939  0.33163939
   0.35663939  0.38163939  0.40663939  0.43163939  0.45663939  0.48163939
   0.50663939  0.53163939  0.55663939  0.58163939  0.60663939  0.63163939
   0.65663939  0.68163939  0.70663939  0.73163939  0.75663939  0.78163939
   0.80663939  0.83163939  0.85663939  0.88163939  0.90663939  0.93163939
   0.95663939  0.98163939]
 [-0.9875     -0.9625     -0.9375     -0.9125     -0.8875     -0.8625
  -0.8375     -0.8125     -0.7875     -0.7625     -0.7375     -0.7125
  -0.6875     -0.6625     -0.6375     -0.6125     -0.5875     -0.5625
  -0.5375     -0.5125     -0.4875     -0.4625     -0.4375     -0.4125
  -0.3875     -0.3625     -0.3375     -0.3125     -0.2875     -0.2625
  -0.2375     -0.2125     -0.1875     -0.1625     -0.1375     -0.1125
  -0.0875     -0.0625     -0.0375     -0.0125      0.0125      0.0375
   0.0625      0.0875      0.1125      0.1375      0.1625      0.1875
   0.2125      0.2375      0.2625      0.2875      0.3125      0.3375
   0.3625      0.3875      0.4125      0.4375      0.4625      0.4875
   0.5125      0.5375      0.5625      0.5875      0.6125      0.6375
   0.6625      0.6875      0.7125      0.7375      0.7625      0.7875
   0.8125      0.8375      0.8625      0.8875      0.9125      0.9375
   0.9625      0.9875    ]
 [-0.98163939 -0.95663939 -0.93163939 -0.90663939 -0.88163939 -0.85663939
  -0.83163939 -0.80663939 -0.78163939 -0.75663939 -0.73163939 -0.70663939
  -0.68163939 -0.65663939 -0.63163939 -0.60663939 -0.58163939 -0.55663939
  -0.53163939 -0.50663939 -0.48163939 -0.45663939 -0.43163939 -0.40663939
  -0.38163939 -0.35663939 -0.33163939 -0.30663939 -0.28163939 -0.25663939
  -0.23163939 -0.20663939 -0.18163939 -0.15663939 -0.13163939 -0.10663939
  -0.08163939 -0.05663939 -0.03163939 -0.00663939  0.01836061  0.04336061
   0.06836061  0.09336061  0.11836061  0.14336061  0.16836061  0.19336061
   0.21836061  0.24336061  0.26836061  0.29336061  0.31836061  0.34336061
   0.36836061  0.39336061  0.41836061  0.44336061  0.46836061  0.49336061
   0.51836061  0.54336061  0.56836061  0.59336061  0.61836061  0.64336061
   0.66836061  0.69336061  0.71836061  0.74336061  0.76836061  0.79336061
   0.81836061  0.84336061  0.86836061  0.89336061  0.91836061  0.94336061
   0.96836061  0.99336061]
 [-0.9771222  -0.9521222  -0.9271222  -0.9021222  -0.8771222  -0.8521222
  -0.8271222  -0.8021222  -0.7771222  -0.7521222  -0.7271222  -0.7021222
  -0.6771222  -0.6521222  -0.6271222  -0.6021222  -0.5771222  -0.5521222
  -0.5271222  -0.5021222  -0.4771222  -0.4521222  -0.4271222  -0.4021222
  -0.3771222  -0.3521222  -0.3271222  -0.3021222  -0.2771222  -0.2521222
  -0.2271222  -0.2021222  -0.1771222  -0.1521222  -0.1271222  -0.1021222
  -0.0771222  -0.0521222  -0.0271222  -0.0021222   0.0228778   0.0478778
   0.0728778   0.0978778   0.1228778   0.1478778   0.1728778   0.1978778
   0.2228778   0.2478778   0.2728778   0.2978778   0.3228778   0.3478778
   0.3728778   0.3978778   0.4228778   0.4478778   0.4728778   0.4978778
   0.5228778   0.5478778   0.5728778   0.5978778   0.6228778   0.6478778
   0.6728778   0.6978778   0.7228778   0.7478778   0.7728778   0.7978778
   0.8228778   0.8478778   0.8728778   0.8978778   0.9228778   0.9478778
   0.9728778   0.9978778 ]
 [-0.975      -0.95       -0.925      -0.9        -0.875      -0.85
  -0.825      -0.8        -0.775      -0.75       -0.725      -0.7
  -0.675      -0.65       -0.625      -0.6        -0.575      -0.55
  -0.525      -0.5        -0.475      -0.45       -0.425      -0.4
  -0.375      -0.35       -0.325      -0.3        -0.275      -0.25
  -0.225      -0.2        -0.175      -0.15       -0.125      -0.1
  -0.075      -0.05       -0.025       0.          0.025       0.05
   0.075       0.1         0.125       0.15        0.175       0.2
   0.225       0.25        0.275       0.3         0.325       0.35
   0.375       0.4         0.425       0.45        0.475       0.5
   0.525       0.55        0.575       0.6         0.625       0.65
   0.675       0.7         0.725       0.75        0.775       0.8
   0.825       0.85        0.875       0.9         0.925       0.95
   0.975       1.        ]]

rx: [[80. 80. 80. 80. 80. 80. 80. 80. 80. 80. 80. 80. 80. 80. 80. 80. 80. 80.
  80. 80. 80. 80. 80. 80. 80. 80. 80. 80. 80. 80. 80. 80. 80. 80. 80. 80.
  80. 80. 80. 80. 80. 80. 80. 80. 80. 80. 80. 80. 80. 80. 80. 80. 80. 80.
  80. 80. 80. 80. 80. 80. 80. 80. 80. 80. 80. 80. 80. 80. 80. 80. 80. 80.
  80. 80. 80. 80. 80. 80. 80. 80.]
 [80. 80. 80. 80. 80. 80. 80. 80. 80. 80. 80. 80. 80. 80. 80. 80. 80. 80.
  80. 80. 80. 80. 80. 80. 80. 80. 80. 80. 80. 80. 80. 80. 80. 80. 80. 80.
  80. 80. 80. 80. 80. 80. 80. 80. 80. 80. 80. 80. 80. 80. 80. 80. 80. 80.
  80. 80. 80. 80. 80. 80. 80. 80. 80. 80. 80. 80. 80. 80. 80. 80. 80. 80.
  80. 80. 80. 80. 80. 80. 80. 80.]
 [80. 80. 80. 80. 80. 80. 80. 80. 80. 80. 80. 80. 80. 80. 80. 80. 80. 80.
  80. 80. 80. 80. 80. 80. 80. 80. 80. 80. 80. 80. 80. 80. 80. 80. 80. 80.
  80. 80. 80. 80. 80. 80. 80. 80. 80. 80. 80. 80. 80. 80. 80. 80. 80. 80.
  80. 80. 80. 80. 80. 80. 80. 80. 80. 80. 80. 80. 80. 80. 80. 80. 80. 80.
  80. 80. 80. 80. 80. 80. 80. 80.]
 [80. 80. 80. 80. 80. 80. 80. 80. 80. 80. 80. 80. 80. 80. 80. 80. 80. 80.
  80. 80. 80. 80. 80. 80. 80. 80. 80. 80. 80. 80. 80. 80. 80. 80. 80. 80.
  80. 80. 80. 80. 80. 80. 80. 80. 80. 80. 80. 80. 80. 80. 80. 80. 80. 80.
  80. 80. 80. 80. 80. 80. 80. 80. 80. 80. 80. 80. 80. 80. 80. 80. 80. 80.
  80. 80. 80. 80. 80. 80. 80. 80.]
 [80. 80. 80. 80. 80. 80. 80. 80. 80. 80. 80. 80. 80. 80. 80. 80. 80. 80.
  80. 80. 80. 80. 80. 80. 80. 80. 80. 80. 80. 80. 80. 80. 80. 80. 80. 80.
  80. 80. 80. 80. 80. 80. 80. 80. 80. 80. 80. 80. 80. 80. 80. 80. 80. 80.
  80. 80. 80. 80. 80. 80. 80. 80. 80. 80. 80. 80. 80. 80. 80. 80. 80. 80.
  80. 80. 80. 80. 80. 80. 80. 80.]
 [80. 80. 80. 80. 80. 80. 80. 80. 80. 80. 80. 80. 80. 80. 80. 80. 80. 80.
  80. 80. 80. 80. 80. 80. 80. 80. 80. 80. 80. 80. 80. 80. 80. 80. 80. 80.
  80. 80. 80. 80. 80. 80. 80. 80. 80. 80. 80. 80. 80. 80. 80. 80. 80. 80.
  80. 80. 80. 80. 80. 80. 80. 80. 80. 80. 80. 80. 80. 80. 80. 80. 80. 80.
  80. 80. 80. 80. 80. 80. 80. 80.]
 [80. 80. 80. 80. 80. 80. 80. 80. 80. 80. 80. 80. 80. 80. 80. 80. 80. 80.
  80. 80. 80. 80. 80. 80. 80. 80. 80. 80. 80. 80. 80. 80. 80. 80. 80. 80.
  80. 80. 80. 80. 80. 80. 80. 80. 80. 80. 80. 80. 80. 80. 80. 80. 80. 80.
  80. 80. 80. 80. 80. 80. 80. 80. 80. 80. 80. 80. 80. 80. 80. 80. 80. 80.
  80. 80. 80. 80. 80. 80. 80. 80.]]

J: [[0.0125 0.0125 0.0125 0.0125 0.0125 0.0125 0.0125 0.0125 0.0125 0.0125
  0.0125 0.0125 0.0125 0.0125 0.0125 0.0125 0.0125 0.0125 0.0125 0.0125
  0.0125 0.0125 0.0125 0.0125 0.0125 0.0125 0.0125 0.0125 0.0125 0.0125
  0.0125 0.0125 0.0125 0.0125 0.0125 0.0125 0.0125 0.0125 0.0125 0.0125
  0.0125 0.0125 0.0125 0.0125 0.0125 0.0125 0.0125 0.0125 0.0125 0.0125
  0.0125 0.0125 0.0125 0.0125 0.0125 0.0125 0.0125 0.0125 0.0125 0.0125
  0.0125 0.0125 0.0125 0.0125 0.0125 0.0125 0.0125 0.0125 0.0125 0.0125
  0.0125 0.0125 0.0125 0.0125 0.0125 0.0125 0.0125 0.0125 0.0125 0.0125]
 [0.0125 0.0125 0.0125 0.0125 0.0125 0.0125 0.0125 0.0125 0.0125 0.0125
  0.0125 0.0125 0.0125 0.0125 0.0125 0.0125 0.0125 0.0125 0.0125 0.0125
  0.0125 0.0125 0.0125 0.0125 0.0125 0.0125 0.0125 0.0125 0.0125 0.0125
  0.0125 0.0125 0.0125 0.0125 0.0125 0.0125 0.0125 0.0125 0.0125 0.0125
  0.0125 0.0125 0.0125 0.0125 0.0125 0.0125 0.0125 0.0125 0.0125 0.0125
  0.0125 0.0125 0.0125 0.0125 0.0125 0.0125 0.0125 0.0125 0.0125 0.0125
  0.0125 0.0125 0.0125 0.0125 0.0125 0.0125 0.0125 0.0125 0.0125 0.0125
  0.0125 0.0125 0.0125 0.0125 0.0125 0.0125 0.0125 0.0125 0.0125 0.0125]
 [0.0125 0.0125 0.0125 0.0125 0.0125 0.0125 0.0125 0.0125 0.0125 0.0125
  0.0125 0.0125 0.0125 0.0125 0.0125 0.0125 0.0125 0.0125 0.0125 0.0125
  0.0125 0.0125 0.0125 0.0125 0.0125 0.0125 0.0125 0.0125 0.0125 0.0125
  0.0125 0.0125 0.0125 0.0125 0.0125 0.0125 0.0125 0.0125 0.0125 0.0125
  0.0125 0.0125 0.0125 0.0125 0.0125 0.0125 0.0125 0.0125 0.0125 0.0125
  0.0125 0.0125 0.0125 0.0125 0.0125 0.0125 0.0125 0.0125 0.0125 0.0125
  0.0125 0.0125 0.0125 0.0125 0.0125 0.0125 0.0125 0.0125 0.0125 0.0125
  0.0125 0.0125 0.0125 0.0125 0.0125 0.0125 0.0125 0.0125 0.0125 0.0125]
 [0.0125 0.0125 0.0125 0.0125 0.0125 0.0125 0.0125 0.0125 0.0125 0.0125
  0.0125 0.0125 0.0125 0.0125 0.0125 0.0125 0.0125 0.0125 0.0125 0.0125
  0.0125 0.0125 0.0125 0.0125 0.0125 0.0125 0.0125 0.0125 0.0125 0.0125
  0.0125 0.0125 0.0125 0.0125 0.0125 0.0125 0.0125 0.0125 0.0125 0.0125
  0.0125 0.0125 0.0125 0.0125 0.0125 0.0125 0.0125 0.0125 0.0125 0.0125
  0.0125 0.0125 0.0125 0.0125 0.0125 0.0125 0.0125 0.0125 0.0125 0.0125
  0.0125 0.0125 0.0125 0.0125 0.0125 0.0125 0.0125 0.0125 0.0125 0.0125
  0.0125 0.0125 0.0125 0.0125 0.0125 0.0125 0.0125 0.0125 0.0125 0.0125]
 [0.0125 0.0125 0.0125 0.0125 0.0125 0.0125 0.0125 0.0125 0.0125 0.0125
  0.0125 0.0125 0.0125 0.0125 0.0125 0.0125 0.0125 0.0125 0.0125 0.0125
  0.0125 0.0125 0.0125 0.0125 0.0125 0.0125 0.0125 0.0125 0.0125 0.0125
  0.0125 0.0125 0.0125 0.0125 0.0125 0.0125 0.0125 0.0125 0.0125 0.0125
  0.0125 0.0125 0.0125 0.0125 0.0125 0.0125 0.0125 0.0125 0.0125 0.0125
  0.0125 0.0125 0.0125 0.0125 0.0125 0.0125 0.0125 0.0125 0.0125 0.0125
  0.0125 0.0125 0.0125 0.0125 0.0125 0.0125 0.0125 0.0125 0.0125 0.0125
  0.0125 0.0125 0.0125 0.0125 0.0125 0.0125 0.0125 0.0125 0.0125 0.0125]
 [0.0125 0.0125 0.0125 0.0125 0.0125 0.0125 0.0125 0.0125 0.0125 0.0125
  0.0125 0.0125 0.0125 0.0125 0.0125 0.0125 0.0125 0.0125 0.0125 0.0125
  0.0125 0.0125 0.0125 0.0125 0.0125 0.0125 0.0125 0.0125 0.0125 0.0125
  0.0125 0.0125 0.0125 0.0125 0.0125 0.0125 0.0125 0.0125 0.0125 0.0125
  0.0125 0.0125 0.0125 0.0125 0.0125 0.0125 0.0125 0.0125 0.0125 0.0125
  0.0125 0.0125 0.0125 0.0125 0.0125 0.0125 0.0125 0.0125 0.0125 0.0125
  0.0125 0.0125 0.0125 0.0125 0.0125 0.0125 0.0125 0.0125 0.0125 0.0125
  0.0125 0.0125 0.0125 0.0125 0.0125 0.0125 0.0125 0.0125 0.0125 0.0125]
 [0.0125 0.0125 0.0125 0.0125 0.0125 0.0125 0.0125 0.0125 0.0125 0.0125
  0.0125 0.0125 0.0125 0.0125 0.0125 0.0125 0.0125 0.0125 0.0125 0.0125
  0.0125 0.0125 0.0125 0.0125 0.0125 0.0125 0.0125 0.0125 0.0125 0.0125
  0.0125 0.0125 0.0125 0.0125 0.0125 0.0125 0.0125 0.0125 0.0125 0.0125
  0.0125 0.0125 0.0125 0.0125 0.0125 0.0125 0.0125 0.0125 0.0125 0.0125
  0.0125 0.0125 0.0125 0.0125 0.0125 0.0125 0.0125 0.0125 0.0125 0.0125
  0.0125 0.0125 0.0125 0.0125 0.0125 0.0125 0.0125 0.0125 0.0125 0.0125
  0.0125 0.0125 0.0125 0.0125 0.0125 0.0125 0.0125 0.0125 0.0125 0.0125]]

nx: [[-1. -1. -1. -1. -1. -1. -1. -1. -1. -1. -1. -1. -1. -1. -1. -1. -1. -1.
  -1. -1. -1. -1. -1. -1. -1. -1. -1. -1. -1. -1. -1. -1. -1. -1. -1. -1.
  -1. -1. -1. -1. -1. -1. -1. -1. -1. -1. -1. -1. -1. -1. -1. -1. -1. -1.
  -1. -1. -1. -1. -1. -1. -1. -1. -1. -1. -1. -1. -1. -1. -1. -1. -1. -1.
  -1. -1. -1. -1. -1. -1. -1. -1.]
 [ 1.  1.  1.  1.  1.  1.  1.  1.  1.  1.  1.  1.  1.  1.  1.  1.  1.  1.
   1.  1.  1.  1.  1.  1.  1.  1.  1.  1.  1.  1.  1.  1.  1.  1.  1.  1.
   1.  1.  1.  1.  1.  1.  1.  1.  1.  1.  1.  1.  1.  1.  1.  1.  1.  1.
   1.  1.  1.  1.  1.  1.  1.  1.  1.  1.  1.  1.  1.  1.  1.  1.  1.  1.
   1.  1.  1.  1.  1.  1.  1.  1.]]

EToE: [[ 1  2]
 [ 1  3]
 [ 2  4]
 [ 3  5]
 [ 4  6]
 [ 5  7]
 [ 6  8]
 [ 7  9]
 [ 8 10]
 [ 9 11]
 [10 12]
 [11 13]
 [12 14]
 [13 15]
 [14 16]
 [15 17]
 [16 18]
 [17 19]
 [18 20]
 [19 21]
 [20 22]
 [21 23]
 [22 24]
 [23 25]
 [24 26]
 [25 27]
 [26 28]
 [27 29]
 [28 30]
 [29 31]
 [30 32]
 [31 33]
 [32 34]
 [33 35]
 [34 36]
 [35 37]
 [36 38]
 [37 39]
 [38 40]
 [39 41]
 [40 42]
 [41 43]
 [42 44]
 [43 45]
 [44 46]
 [45 47]
 [46 48]
 [47 49]
 [48 50]
 [49 51]
 [50 52]
 [51 53]
 [52 54]
 [53 55]
 [54 56]
 [55 57]
 [56 58]
 [57 59]
 [58 60]
 [59 61]
 [60 62]
 [61 63]
 [62 64]
 [63 65]
 [64 66]
 [65 67]
 [66 68]
 [67 69]
 [68 70]
 [69 71]
 [70 72]
 [71 73]
 [72 74]
 [73 75]
 [74 76]
 [75 77]
 [76 78]
 [77 79]
 [78 80]
 [79 80]]

EToF: [[1 1]
 [2 1]
 [2 1]
 [2 1]
 [2 1]
 [2 1]
 [2 1]
 [2 1]
 [2 1]
 [2 1]
 [2 1]
 [2 1]
 [2 1]
 [2 1]
 [2 1]
 [2 1]
 [2 1]
 [2 1]
 [2 1]
 [2 1]
 [2 1]
 [2 1]
 [2 1]
 [2 1]
 [2 1]
 [2 1]
 [2 1]
 [2 1]
 [2 1]
 [2 1]
 [2 1]
 [2 1]
 [2 1]
 [2 1]
 [2 1]
 [2 1]
 [2 1]
 [2 1]
 [2 1]
 [2 1]
 [2 1]
 [2 1]
 [2 1]
 [2 1]
 [2 1]
 [2 1]
 [2 1]
 [2 1]
 [2 1]
 [2 1]
 [2 1]
 [2 1]
 [2 1]
 [2 1]
 [2 1]
 [2 1]
 [2 1]
 [2 1]
 [2 1]
 [2 1]
 [2 1]
 [2 1]
 [2 1]
 [2 1]
 [2 1]
 [2 1]
 [2 1]
 [2 1]
 [2 1]
 [2 1]
 [2 1]
 [2 1]
 [2 1]
 [2 1]
 [2 1]
 [2 1]
 [2 1]
 [2 1]
 [2 1]
 [2 2]]

vmapM: [  1   7   8  14  15  21  22  28  29  35  36  42  43  49  50  56  57  63
  64  70  71  77  78  84  85  91  92  98  99 105 106 112 113 119 120 126
 127 133 134 140 141 147 148 154 155 161 162 168 169 175 176 182 183 189
 190 196 197 203 204 210 211 217 218 224 225 231 232 238 239 245 246 252
 253 259 260 266 267 273 274 280 281 287 288 294 295 301 302 308 309 315
 316 322 323 329 330 336 337 343 344 350 351 357 358 364 365 371 372 378
 379 385 386 392 393 399 400 406 407 413 414 420 421 427 428 434 435 441
 442 448 449 455 456 462 463 469 470 476 477 483 484 490 491 497 498 504
 505 511 512 518 519 525 526 532 533 539 540 546 547 553 554 560]

vmapP: [  1   8   7  15  14  22  21  29  28  36  35  43  42  50  49  57  56  64
  63  71  70  78  77  85  84  92  91  99  98 106 105 113 112 120 119 127
 126 134 133 141 140 148 147 155 154 162 161 169 168 176 175 183 182 190
 189 197 196 204 203 211 210 218 217 225 224 232 231 239 238 246 245 253
 252 260 259 267 266 274 273 281 280 288 287 295 294 302 301 309 308 316
 315 323 322 330 329 337 336 344 343 351 350 358 357 365 364 372 371 379
 378 386 385 393 392 400 399 407 406 414 413 421 420 428 427 435 434 442
 441 449 448 456 455 463 462 470 469 477 476 484 483 491 490 498 497 505
 504 512 511 519 518 526 525 533 532 540 539 547 546 554 553 560]

vmapB: [  1 560]

mapB: [  1 160]

fmask: [0, 6]

Fscale: [[80. 80. 80. 80. 80. 80. 80. 80. 80. 80. 80. 80. 80. 80. 80. 80. 80. 80.
  80. 80. 80. 80. 80. 80. 80. 80. 80. 80. 80. 80. 80. 80. 80. 80. 80. 80.
  80. 80. 80. 80. 80. 80. 80. 80. 80. 80. 80. 80. 80. 80. 80. 80. 80. 80.
  80. 80. 80. 80. 80. 80. 80. 80. 80. 80. 80. 80. 80. 80. 80. 80. 80. 80.
  80. 80. 80. 80. 80. 80. 80. 80.]
 [80. 80. 80. 80. 80. 80. 80. 80. 80. 80. 80. 80. 80. 80. 80. 80. 80. 80.
  80. 80. 80. 80. 80. 80. 80. 80. 80. 80. 80. 80. 80. 80. 80. 80. 80. 80.
  80. 80. 80. 80. 80. 80. 80. 80. 80. 80. 80. 80. 80. 80. 80. 80. 80. 80.
  80. 80. 80. 80. 80. 80. 80. 80. 80. 80. 80. 80. 80. 80. 80. 80. 80. 80.
  80. 80. 80. 80. 80. 80. 80. 80.]]

epsilon: [[1. 1. 1. 1. 1. 1. 1. 1. 1. 1. 1. 1. 1. 1. 1. 1. 1. 1. 1. 1. 1. 1. 1. 1.
  1. 1. 1. 1. 1. 1. 1. 1. 1. 1. 1. 1. 1. 1. 1. 1. 2. 2. 2. 2. 2. 2. 2. 2.
  2. 2. 2. 2. 2. 2. 2. 2. 2. 2. 2. 2. 2. 2. 2. 2. 2. 2. 2. 2. 2. 2. 2. 2.
  2. 2. 2. 2. 2. 2. 2. 2.]
 [1. 1. 1. 1. 1. 1. 1. 1. 1. 1. 1. 1. 1. 1. 1. 1. 1. 1. 1. 1. 1. 1. 1. 1.
  1. 1. 1. 1. 1. 1. 1. 1. 1. 1. 1. 1. 1. 1. 1. 1. 2. 2. 2. 2. 2. 2. 2. 2.
  2. 2. 2. 2. 2. 2. 2. 2. 2. 2. 2. 2. 2. 2. 2. 2. 2. 2. 2. 2. 2. 2. 2. 2.
  2. 2. 2. 2. 2. 2. 2. 2.]
 [1. 1. 1. 1. 1. 1. 1. 1. 1. 1. 1. 1. 1. 1. 1. 1. 1. 1. 1. 1. 1. 1. 1. 1.
  1. 1. 1. 1. 1. 1. 1. 1. 1. 1. 1. 1. 1. 1. 1. 1. 2. 2. 2. 2. 2. 2. 2. 2.
  2. 2. 2. 2. 2. 2. 2. 2. 2. 2. 2. 2. 2. 2. 2. 2. 2. 2. 2. 2. 2. 2. 2. 2.
  2. 2. 2. 2. 2. 2. 2. 2.]
 [1. 1. 1. 1. 1. 1. 1. 1. 1. 1. 1. 1. 1. 1. 1. 1. 1. 1. 1. 1. 1. 1. 1. 1.
  1. 1. 1. 1. 1. 1. 1. 1. 1. 1. 1. 1. 1. 1. 1. 1. 2. 2. 2. 2. 2. 2. 2. 2.
  2. 2. 2. 2. 2. 2. 2. 2. 2. 2. 2. 2. 2. 2. 2. 2. 2. 2. 2. 2. 2. 2. 2. 2.
  2. 2. 2. 2. 2. 2. 2. 2.]
 [1. 1. 1. 1. 1. 1. 1. 1. 1. 1. 1. 1. 1. 1. 1. 1. 1. 1. 1. 1. 1. 1. 1. 1.
  1. 1. 1. 1. 1. 1. 1. 1. 1. 1. 1. 1. 1. 1. 1. 1. 2. 2. 2. 2. 2. 2. 2. 2.
  2. 2. 2. 2. 2. 2. 2. 2. 2. 2. 2. 2. 2. 2. 2. 2. 2. 2. 2. 2. 2. 2. 2. 2.
  2. 2. 2. 2. 2. 2. 2. 2.]
 [1. 1. 1. 1. 1. 1. 1. 1. 1. 1. 1. 1. 1. 1. 1. 1. 1. 1. 1. 1. 1. 1. 1. 1.
  1. 1. 1. 1. 1. 1. 1. 1. 1. 1. 1. 1. 1. 1. 1. 1. 2. 2. 2. 2. 2. 2. 2. 2.
  2. 2. 2. 2. 2. 2. 2. 2. 2. 2. 2. 2. 2. 2. 2. 2. 2. 2. 2. 2. 2. 2. 2. 2.
  2. 2. 2. 2. 2. 2. 2. 2.]
 [1. 1. 1. 1. 1. 1. 1. 1. 1. 1. 1. 1. 1. 1. 1. 1. 1. 1. 1. 1. 1. 1. 1. 1.
  1. 1. 1. 1. 1. 1. 1. 1. 1. 1. 1. 1. 1. 1. 1. 1. 2. 2. 2. 2. 2. 2. 2. 2.
  2. 2. 2. 2. 2. 2. 2. 2. 2. 2. 2. 2. 2. 2. 2. 2. 2. 2. 2. 2. 2. 2. 2. 2.
  2. 2. 2. 2. 2. 2. 2. 2.]]

mu: [[1. 1. 1. 1. 1. 1. 1. 1. 1. 1. 1. 1. 1. 1. 1. 1. 1. 1. 1. 1. 1. 1. 1. 1.
  1. 1. 1. 1. 1. 1. 1. 1. 1. 1. 1. 1. 1. 1. 1. 1. 1. 1. 1. 1. 1. 1. 1. 1.
  1. 1. 1. 1. 1. 1. 1. 1. 1. 1. 1. 1. 1. 1. 1. 1. 1. 1. 1. 1. 1. 1. 1. 1.
  1. 1. 1. 1. 1. 1. 1. 1.]
 [1. 1. 1. 1. 1. 1. 1. 1. 1. 1. 1. 1. 1. 1. 1. 1. 1. 1. 1. 1. 1. 1. 1. 1.
  1. 1. 1. 1. 1. 1. 1. 1. 1. 1. 1. 1. 1. 1. 1. 1. 1. 1. 1. 1. 1. 1. 1. 1.
  1. 1. 1. 1. 1. 1. 1. 1. 1. 1. 1. 1. 1. 1. 1. 1. 1. 1. 1. 1. 1. 1. 1. 1.
  1. 1. 1. 1. 1. 1. 1. 1.]
 [1. 1. 1. 1. 1. 1. 1. 1. 1. 1. 1. 1. 1. 1. 1. 1. 1. 1. 1. 1. 1. 1. 1. 1.
  1. 1. 1. 1. 1. 1. 1. 1. 1. 1. 1. 1. 1. 1. 1. 1. 1. 1. 1. 1. 1. 1. 1. 1.
  1. 1. 1. 1. 1. 1. 1. 1. 1. 1. 1. 1. 1. 1. 1. 1. 1. 1. 1. 1. 1. 1. 1. 1.
  1. 1. 1. 1. 1. 1. 1. 1.]
 [1. 1. 1. 1. 1. 1. 1. 1. 1. 1. 1. 1. 1. 1. 1. 1. 1. 1. 1. 1. 1. 1. 1. 1.
  1. 1. 1. 1. 1. 1. 1. 1. 1. 1. 1. 1. 1. 1. 1. 1. 1. 1. 1. 1. 1. 1. 1. 1.
  1. 1. 1. 1. 1. 1. 1. 1. 1. 1. 1. 1. 1. 1. 1. 1. 1. 1. 1. 1. 1. 1. 1. 1.
  1. 1. 1. 1. 1. 1. 1. 1.]
 [1. 1. 1. 1. 1. 1. 1. 1. 1. 1. 1. 1. 1. 1. 1. 1. 1. 1. 1. 1. 1. 1. 1. 1.
  1. 1. 1. 1. 1. 1. 1. 1. 1. 1. 1. 1. 1. 1. 1. 1. 1. 1. 1. 1. 1. 1. 1. 1.
  1. 1. 1. 1. 1. 1. 1. 1. 1. 1. 1. 1. 1. 1. 1. 1. 1. 1. 1. 1. 1. 1. 1. 1.
  1. 1. 1. 1. 1. 1. 1. 1.]
 [1. 1. 1. 1. 1. 1. 1. 1. 1. 1. 1. 1. 1. 1. 1. 1. 1. 1. 1. 1. 1. 1. 1. 1.
  1. 1. 1. 1. 1. 1. 1. 1. 1. 1. 1. 1. 1. 1. 1. 1. 1. 1. 1. 1. 1. 1. 1. 1.
  1. 1. 1. 1. 1. 1. 1. 1. 1. 1. 1. 1. 1. 1. 1. 1. 1. 1. 1. 1. 1. 1. 1. 1.
  1. 1. 1. 1. 1. 1. 1. 1.]
 [1. 1. 1. 1. 1. 1. 1. 1. 1. 1. 1. 1. 1. 1. 1. 1. 1. 1. 1. 1. 1. 1. 1. 1.
  1. 1. 1. 1. 1. 1. 1. 1. 1. 1. 1. 1. 1. 1. 1. 1. 1. 1. 1. 1. 1. 1. 1. 1.
  1. 1. 1. 1. 1. 1. 1. 1. 1. 1. 1. 1. 1. 1. 1. 1. 1. 1. 1. 1. 1. 1. 1. 1.
  1. 1. 1. 1. 1. 1. 1. 1.]]

E: [[nan nan nan nan nan nan nan nan nan nan nan nan nan nan nan nan nan nan
  nan nan nan nan nan nan nan nan nan nan nan nan nan nan nan nan nan nan
  nan nan nan nan nan nan nan nan nan nan nan nan nan nan nan nan nan nan
  nan nan nan nan nan nan nan nan nan nan nan nan nan nan nan nan nan nan
  nan nan nan nan nan nan nan nan]
 [nan nan nan nan nan nan nan nan nan nan nan nan nan nan nan nan nan nan
  nan nan nan nan nan nan nan nan nan nan nan nan nan nan nan nan nan nan
  nan nan nan nan nan nan nan nan nan nan nan nan nan nan nan nan nan nan
  nan nan nan nan nan nan nan nan nan nan nan nan nan nan nan nan nan nan
  nan nan nan nan nan nan nan nan]
 [nan nan nan nan nan nan nan nan nan nan nan nan nan nan nan nan nan nan
  nan nan nan nan nan nan nan nan nan nan nan nan nan nan nan nan nan nan
  nan nan nan nan nan nan nan nan nan nan nan nan nan nan nan nan nan nan
  nan nan nan nan nan nan nan nan nan nan nan nan nan nan nan nan nan nan
  nan nan nan nan nan nan nan nan]
 [nan nan nan nan nan nan nan nan nan nan nan nan nan nan nan nan nan nan
  nan nan nan nan nan nan nan nan nan nan nan nan nan nan nan nan nan nan
  nan nan nan nan nan nan nan nan nan nan nan nan nan nan nan nan nan nan
  nan nan nan nan nan nan nan nan nan nan nan nan nan nan nan nan nan nan
  nan nan nan nan nan nan nan nan]
 [nan nan nan nan nan nan nan nan nan nan nan nan nan nan nan nan nan nan
  nan nan nan nan nan nan nan nan nan nan nan nan nan nan nan nan nan nan
  nan nan nan nan nan nan nan nan nan nan nan nan nan nan nan nan nan nan
  nan nan nan nan nan nan nan nan nan nan nan nan nan nan nan nan nan nan
  nan nan nan nan nan nan nan nan]
 [nan nan nan nan nan nan nan nan nan nan nan nan nan nan nan nan nan nan
  nan nan nan nan nan nan nan nan nan nan nan nan nan nan nan nan nan nan
  nan nan nan nan nan nan nan nan nan nan nan nan nan nan nan nan nan nan
  nan nan nan nan nan nan nan nan nan nan nan nan nan nan nan nan nan nan
  nan nan nan nan nan nan nan nan]
 [nan nan nan nan nan nan nan nan nan nan nan nan nan nan nan nan nan nan
  nan nan nan nan nan nan nan nan nan nan nan nan nan nan nan nan nan nan
  nan nan nan nan nan nan nan nan nan nan nan nan nan nan nan nan nan nan
  nan nan nan nan nan nan nan nan nan nan nan nan nan nan nan nan nan nan
  nan nan nan nan nan nan nan nan]]

H: [[nan nan nan nan nan nan nan nan nan nan nan nan nan nan nan nan nan nan
  nan nan nan nan nan nan nan nan nan nan nan nan nan nan nan nan nan nan
  nan nan nan nan nan nan nan nan nan nan nan nan nan nan nan nan nan nan
  nan nan nan nan nan nan nan nan nan nan nan nan nan nan nan nan nan nan
  nan nan nan nan nan nan nan nan]
 [nan nan nan nan nan nan nan nan nan nan nan nan nan nan nan nan nan nan
  nan nan nan nan nan nan nan nan nan nan nan nan nan nan nan nan nan nan
  nan nan nan nan nan nan nan nan nan nan nan nan nan nan nan nan nan nan
  nan nan nan nan nan nan nan nan nan nan nan nan nan nan nan nan nan nan
  nan nan nan nan nan nan nan nan]
 [nan nan nan nan nan nan nan nan nan nan nan nan nan nan nan nan nan nan
  nan nan nan nan nan nan nan nan nan nan nan nan nan nan nan nan nan nan
  nan nan nan nan nan nan nan nan nan nan nan nan nan nan nan nan nan nan
  nan nan nan nan nan nan nan nan nan nan nan nan nan nan nan nan nan nan
  nan nan nan nan nan nan nan nan]
 [nan nan nan nan nan nan nan nan nan nan nan nan nan nan nan nan nan nan
  nan nan nan nan nan nan nan nan nan nan nan nan nan nan nan nan nan nan
  nan nan nan nan nan nan nan nan nan nan nan nan nan nan nan nan nan nan
  nan nan nan nan nan nan nan nan nan nan nan nan nan nan nan nan nan nan
  nan nan nan nan nan nan nan nan]
 [nan nan nan nan nan nan nan nan nan nan nan nan nan nan nan nan nan nan
  nan nan nan nan nan nan nan nan nan nan nan nan nan nan nan nan nan nan
  nan nan nan nan nan nan nan nan nan nan nan nan nan nan nan nan nan nan
  nan nan nan nan nan nan nan nan nan nan nan nan nan nan nan nan nan nan
  nan nan nan nan nan nan nan nan]
 [nan nan nan nan nan nan nan nan nan nan nan nan nan nan nan nan nan nan
  nan nan nan nan nan nan nan nan nan nan nan nan nan nan nan nan nan nan
  nan nan nan nan nan nan nan nan nan nan nan nan nan nan nan nan nan nan
  nan nan nan nan nan nan nan nan nan nan nan nan nan nan nan nan nan nan
  nan nan nan nan nan nan nan nan]
 [nan nan nan nan nan nan nan nan nan nan nan nan nan nan nan nan nan nan
  nan nan nan nan nan nan nan nan nan nan nan nan nan nan nan nan nan nan
  nan nan nan nan nan nan nan nan nan nan nan nan nan nan nan nan nan nan
  nan nan nan nan nan nan nan nan nan nan nan nan nan nan nan nan nan nan
  nan nan nan nan nan nan nan nan]]

resE: [[nan nan nan nan nan nan nan nan nan nan nan nan nan nan nan nan nan nan
  nan nan nan nan nan nan nan nan nan nan nan nan nan nan nan nan nan nan
  nan nan nan nan nan nan nan nan nan nan nan nan nan nan nan nan nan nan
  nan nan nan nan nan nan nan nan nan nan nan nan nan nan nan nan nan nan
  nan nan nan nan nan nan nan nan]
 [nan nan nan nan nan nan nan nan nan nan nan nan nan nan nan nan nan nan
  nan nan nan nan nan nan nan nan nan nan nan nan nan nan nan nan nan nan
  nan nan nan nan nan nan nan nan nan nan nan nan nan nan nan nan nan nan
  nan nan nan nan nan nan nan nan nan nan nan nan nan nan nan nan nan nan
  nan nan nan nan nan nan nan nan]
 [nan nan nan nan nan nan nan nan nan nan nan nan nan nan nan nan nan nan
  nan nan nan nan nan nan nan nan nan nan nan nan nan nan nan nan nan nan
  nan nan nan nan nan nan nan nan nan nan nan nan nan nan nan nan nan nan
  nan nan nan nan nan nan nan nan nan nan nan nan nan nan nan nan nan nan
  nan nan nan nan nan nan nan nan]
 [nan nan nan nan nan nan nan nan nan nan nan nan nan nan nan nan nan nan
  nan nan nan nan nan nan nan nan nan nan nan nan nan nan nan nan nan nan
  nan nan nan nan nan nan nan nan nan nan nan nan nan nan nan nan nan nan
  nan nan nan nan nan nan nan nan nan nan nan nan nan nan nan nan nan nan
  nan nan nan nan nan nan nan nan]
 [nan nan nan nan nan nan nan nan nan nan nan nan nan nan nan nan nan nan
  nan nan nan nan nan nan nan nan nan nan nan nan nan nan nan nan nan nan
  nan nan nan nan nan nan nan nan nan nan nan nan nan nan nan nan nan nan
  nan nan nan nan nan nan nan nan nan nan nan nan nan nan nan nan nan nan
  nan nan nan nan nan nan nan nan]
 [nan nan nan nan nan nan nan nan nan nan nan nan nan nan nan nan nan nan
  nan nan nan nan nan nan nan nan nan nan nan nan nan nan nan nan nan nan
  nan nan nan nan nan nan nan nan nan nan nan nan nan nan nan nan nan nan
  nan nan nan nan nan nan nan nan nan nan nan nan nan nan nan nan nan nan
  nan nan nan nan nan nan nan nan]
 [nan nan nan nan nan nan nan nan nan nan nan nan nan nan nan nan nan nan
  nan nan nan nan nan nan nan nan nan nan nan nan nan nan nan nan nan nan
  nan nan nan nan nan nan nan nan nan nan nan nan nan nan nan nan nan nan
  nan nan nan nan nan nan nan nan nan nan nan nan nan nan nan nan nan nan
  nan nan nan nan nan nan nan nan]]

resH: [[nan nan nan nan nan nan nan nan nan nan nan nan nan nan nan nan nan nan
  nan nan nan nan nan nan nan nan nan nan nan nan nan nan nan nan nan nan
  nan nan nan nan nan nan nan nan nan nan nan nan nan nan nan nan nan nan
  nan nan nan nan nan nan nan nan nan nan nan nan nan nan nan nan nan nan
  nan nan nan nan nan nan nan nan]
 [nan nan nan nan nan nan nan nan nan nan nan nan nan nan nan nan nan nan
  nan nan nan nan nan nan nan nan nan nan nan nan nan nan nan nan nan nan
  nan nan nan nan nan nan nan nan nan nan nan nan nan nan nan nan nan nan
  nan nan nan nan nan nan nan nan nan nan nan nan nan nan nan nan nan nan
  nan nan nan nan nan nan nan nan]
 [nan nan nan nan nan nan nan nan nan nan nan nan nan nan nan nan nan nan
  nan nan nan nan nan nan nan nan nan nan nan nan nan nan nan nan nan nan
  nan nan nan nan nan nan nan nan nan nan nan nan nan nan nan nan nan nan
  nan nan nan nan nan nan nan nan nan nan nan nan nan nan nan nan nan nan
  nan nan nan nan nan nan nan nan]
 [nan nan nan nan nan nan nan nan nan nan nan nan nan nan nan nan nan nan
  nan nan nan nan nan nan nan nan nan nan nan nan nan nan nan nan nan nan
  nan nan nan nan nan nan nan nan nan nan nan nan nan nan nan nan nan nan
  nan nan nan nan nan nan nan nan nan nan nan nan nan nan nan nan nan nan
  nan nan nan nan nan nan nan nan]
 [nan nan nan nan nan nan nan nan nan nan nan nan nan nan nan nan nan nan
  nan nan nan nan nan nan nan nan nan nan nan nan nan nan nan nan nan nan
  nan nan nan nan nan nan nan nan nan nan nan nan nan nan nan nan nan nan
  nan nan nan nan nan nan nan nan nan nan nan nan nan nan nan nan nan nan
  nan nan nan nan nan nan nan nan]
 [nan nan nan nan nan nan nan nan nan nan nan nan nan nan nan nan nan nan
  nan nan nan nan nan nan nan nan nan nan nan nan nan nan nan nan nan nan
  nan nan nan nan nan nan nan nan nan nan nan nan nan nan nan nan nan nan
  nan nan nan nan nan nan nan nan nan nan nan nan nan nan nan nan nan nan
  nan nan nan nan nan nan nan nan]
 [nan nan nan nan nan nan nan nan nan nan nan nan nan nan nan nan nan nan
  nan nan nan nan nan nan nan nan nan nan nan nan nan nan nan nan nan nan
  nan nan nan nan nan nan nan nan nan nan nan nan nan nan nan nan nan nan
  nan nan nan nan nan nan nan nan nan nan nan nan nan nan nan nan nan nan
  nan nan nan nan nan nan nan nan]]

dt: 0.0021217907914279654

Nsteps: 4713.0

xmin: 0.002122201296517856
