
Zimpp: [1.         1.         1.         1.         1.         1.
 1.         1.         1.         1.         1.         1.
 1.         1.         1.         1.         1.         1.
 1.         1.         1.         1.         1.         1.
 1.         1.         1.         1.         1.         1.
 1.         1.         1.         1.         1.         1.
 1.         1.         1.         1.         1.         1.
 1.         1.         1.         1.         1.         1.
 1.         1.         1.         1.         1.         1.
 1.         1.         1.         1.         1.         1.
 1.         1.         1.         1.         1.         1.
 1.         1.         1.         1.         1.         1.
 1.         1.         1.         1.         1.         1.
 1.         0.70710678 1.         0.70710678 0.70710678 0.70710678
 0.70710678 0.70710678 0.70710678 0.70710678 0.70710678 0.70710678
 0.70710678 0.70710678 0.70710678 0.70710678 0.70710678 0.70710678
 0.70710678 0.70710678 0.70710678 0.70710678 0.70710678 0.70710678
 0.70710678 0.70710678 0.70710678 0.70710678 0.70710678 0.70710678
 0.70710678 0.70710678 0.70710678 0.70710678 0.70710678 0.70710678
 0.70710678 0.70710678 0.70710678 0.70710678 0.70710678 0.70710678
 0.70710678 0.70710678 0.70710678 0.70710678 0.70710678 0.70710678
 0.70710678 0.70710678 0.70710678 0.70710678 0.70710678 0.70710678
 0.70710678 0.70710678 0.70710678 0.70710678 0.70710678 0.70710678
 0.70710678 0.70710678 0.70710678 0.70710678 0.70710678 0.70710678
 0.70710678 0.70710678 0.70710678 0.70710678 0.70710678 0.70710678
 0.70710678 0.70710678 0.70710678 0.70710678 0.70710678 0.70710678
 0.70710678 0.70710678 0.70710678 0.70710678]

Zimpm: [1.         1.         1.         1.         1.         1.
 1.         1.         1.         1.         1.         1.
 1.         1.         1.         1.         1.         1.
 1.         1.         1.         1.         1.         1.
 1.         1.         1.         1.         1.         1.
 1.         1.         1.         1.         1.         1.
 1.         1.         1.         1.         1.         1.
 1.         1.         1.         1.         1.         1.
 1.         1.         1.         1.         1.         1.
 1.         1.         1.         1.         1.         1.
 1.         1.         1.         1.         1.         1.
 1.         1.         1.         1.         1.         1.
 1.         1.         1.         1.         1.         1.
 1.         1.         0.70710678 0.70710678 0.70710678 0.70710678
 0.70710678 0.70710678 0.70710678 0.70710678 0.70710678 0.70710678
 0.70710678 0.70710678 0.70710678 0.70710678 0.70710678 0.70710678
 0.70710678 0.70710678 0.70710678 0.70710678 0.70710678 0.70710678
 0.70710678 0.70710678 0.70710678 0.70710678 0.70710678 0.70710678
 0.70710678 0.70710678 0.70710678 0.70710678 0.70710678 0.70710678
 0.70710678 0.70710678 0.70710678 0.70710678 0.70710678 0.70710678
 0.70710678 0.70710678 0.70710678 0.70710678 0.70710678 0.70710678
 0.70710678 0.70710678 0.70710678 0.70710678 0.70710678 0.70710678
 0.70710678 0.70710678 0.70710678 0.70710678 0.70710678 0.70710678
 0.70710678 0.70710678 0.70710678 0.70710678 0.70710678 0.70710678
 0.70710678 0.70710678 0.70710678 0.70710678 0.70710678 0.70710678
 0.70710678 0.70710678 0.70710678 0.70710678 0.70710678 0.70710678
 0.70710678 0.70710678 0.70710678 0.70710678]

Yimpp: [1.         1.         1.         1.         1.         1.
 1.         1.         1.         1.         1.         1.
 1.         1.         1.         1.         1.         1.
 1.         1.         1.         1.         1.         1.
 1.         1.         1.         1.         1.         1.
 1.         1.         1.         1.         1.         1.
 1.         1.         1.         1.         1.         1.
 1.         1.         1.         1.         1.         1.
 1.         1.         1.         1.         1.         1.
 1.         1.         1.         1.         1.         1.
 1.         1.         1.         1.         1.         1.
 1.         1.         1.         1.         1.         1.
 1.         1.         1.         1.         1.         1.
 1.         1.41421356 1.         1.41421356 1.41421356 1.41421356
 1.41421356 1.41421356 1.41421356 1.41421356 1.41421356 1.41421356
 1.41421356 1.41421356 1.41421356 1.41421356 1.41421356 1.41421356
 1.41421356 1.41421356 1.41421356 1.41421356 1.41421356 1.41421356
 1.41421356 1.41421356 1.41421356 1.41421356 1.41421356 1.41421356
 1.41421356 1.41421356 1.41421356 1.41421356 1.41421356 1.41421356
 1.41421356 1.41421356 1.41421356 1.41421356 1.41421356 1.41421356
 1.41421356 1.41421356 1.41421356 1.41421356 1.41421356 1.41421356
 1.41421356 1.41421356 1.41421356 1.41421356 1.41421356 1.41421356
 1.41421356 1.41421356 1.41421356 1.41421356 1.41421356 1.41421356
 1.41421356 1.41421356 1.41421356 1.41421356 1.41421356 1.41421356
 1.41421356 1.41421356 1.41421356 1.41421356 1.41421356 1.41421356
 1.41421356 1.41421356 1.41421356 1.41421356 1.41421356 1.41421356
 1.41421356 1.41421356 1.41421356 1.41421356]

Yimpm: [1.         1.         1.         1.         1.         1.
 1.         1.         1.         1.         1.         1.
 1.         1.         1.         1.         1.         1.
 1.         1.         1.         1.         1.         1.
 1.         1.         1.         1.         1.         1.
 1.         1.         1.         1.         1.         1.
 1.         1.         1.         1.         1.         1.
 1.         1.         1.         1.         1.         1.
 1.         1.         1.         1.         1.         1.
 1.         1.         1.         1.         1.         1.
 1.         1.         1.         1.         1.         1.
 1.         1.         1.         1.         1.         1.
 1.         1.         1.         1.         1.         1.
 1.         1.41421356 1.         1.41421356 1.41421356 1.41421356
 1.41421356 1.41421356 1.41421356 1.41421356 1.41421356 1.41421356
 1.41421356 1.41421356 1.41421356 1.41421356 1.41421356 1.41421356
 1.41421356 1.41421356 1.41421356 1.41421356 1.41421356 1.41421356
 1.41421356 1.41421356 1.41421356 1.41421356 1.41421356 1.41421356
 1.41421356 1.41421356 1.41421356 1.41421356 1.41421356 1.41421356
 1.41421356 1.41421356 1.41421356 1.41421356 1.41421356 1.41421356
 1.41421356 1.41421356 1.41421356 1.41421356 1.41421356 1.41421356
 1.41421356 1.41421356 1.41421356 1.41421356 1.41421356 1.41421356
 1.41421356 1.41421356 1.41421356 1.41421356 1.41421356 1.41421356
 1.41421356 1.41421356 1.41421356 1.41421356 1.41421356 1.41421356
 1.41421356 1.41421356 1.41421356 1.41421356 1.41421356 1.41421356
 1.41421356 1.41421356 1.41421356 1.41421356 1.41421356 1.41421356
 1.41421356 1.41421356 1.41421356 1.41421356]

dE: [ 9.65620425e-16 -7.77156117e-16  7.77156117e-16 -7.49400542e-16
  7.49400542e-16 -7.77156117e-16  7.77156117e-16 -6.10622664e-16
  6.10622664e-16 -4.44089210e-16  4.44089210e-16 -6.66133815e-16
  6.66133815e-16 -4.44089210e-16  4.44089210e-16 -5.55111512e-16
  5.55111512e-16 -6.66133815e-16  6.66133815e-16 -3.33066907e-16
  3.33066907e-16 -5.55111512e-16  5.55111512e-16 -1.11022302e-16
  1.11022302e-16 -2.22044605e-16  2.22044605e-16 -3.33066907e-16
  3.33066907e-16 -1.11022302e-16  1.11022302e-16  0.00000000e+00
  0.00000000e+00  0.00000000e+00  0.00000000e+00  0.00000000e+00
  0.00000000e+00  1.11022302e-16 -1.11022302e-16  2.22044605e-16
 -2.22044605e-16  1.11022302e-16 -1.11022302e-16  4.44089210e-16
 -4.44089210e-16  2.22044605e-16 -2.22044605e-16  3.33066907e-16
 -3.33066907e-16  5.55111512e-16 -5.55111512e-16  5.55111512e-16
 -5.55111512e-16  5.55111512e-16 -5.55111512e-16  3.33066907e-16
 -3.33066907e-16  5.55111512e-16 -5.55111512e-16  5.55111512e-16
 -5.55111512e-16  6.66133815e-16 -6.66133815e-16  6.66133815e-16
 -6.66133815e-16  7.77156117e-16 -7.77156117e-16  7.77156117e-16
 -7.77156117e-16  7.77156117e-16 -7.77156117e-16  7.77156117e-16
 -7.77156117e-16  7.49400542e-16 -7.49400542e-16  4.55152652e-05
 -4.55152652e-05 -5.97057452e-04  5.97057452e-04 -1.53283060e-04
  1.53283060e-04  2.25573098e-04 -2.25573098e-04 -2.27576326e-05
  2.27576326e-05  0.00000000e+00  0.00000000e+00  0.00000000e+00
  0.00000000e+00  0.00000000e+00  0.00000000e+00  0.00000000e+00
  0.00000000e+00  0.00000000e+00  0.00000000e+00  0.00000000e+00
  0.00000000e+00  0.00000000e+00  0.00000000e+00  0.00000000e+00
  0.00000000e+00  0.00000000e+00  0.00000000e+00  0.00000000e+00
  0.00000000e+00  0.00000000e+00  0.00000000e+00  0.00000000e+00
  0.00000000e+00  0.00000000e+00  0.00000000e+00  0.00000000e+00
  0.00000000e+00  0.00000000e+00  0.00000000e+00  0.00000000e+00
  0.00000000e+00  0.00000000e+00  0.00000000e+00  0.00000000e+00
  0.00000000e+00  0.00000000e+00  0.00000000e+00  0.00000000e+00
  0.00000000e+00  0.00000000e+00  0.00000000e+00  0.00000000e+00
  0.00000000e+00  0.00000000e+00  0.00000000e+00  0.00000000e+00
  0.00000000e+00  0.00000000e+00  0.00000000e+00  0.00000000e+00
  0.00000000e+00  0.00000000e+00  0.00000000e+00  0.00000000e+00
  0.00000000e+00  0.00000000e+00  0.00000000e+00  0.00000000e+00
  0.00000000e+00  0.00000000e+00  0.00000000e+00  0.00000000e+00
  0.00000000e+00  0.00000000e+00  0.00000000e+00  0.00000000e+00
  0.00000000e+00  0.00000000e+00  0.00000000e+00  0.00000000e+00
  0.00000000e+00  0.00000000e+00  0.00000000e+00  0.00000000e+00]

dH: [ 0.00000000e+00  1.17093835e-16 -1.17093835e-16 -1.29236899e-16
  1.29236899e-16 -1.47451495e-17  1.47451495e-17 -3.72965547e-16
  3.72965547e-16  1.05384451e-16 -1.05384451e-16 -2.99239800e-17
  2.99239800e-17  1.34441069e-17 -1.34441069e-17 -3.46944695e-17
  3.46944695e-17 -4.83120488e-16  4.83120488e-16  4.16333634e-17
 -4.16333634e-17  2.90999863e-16 -2.90999863e-16 -3.42607887e-17
  3.42607887e-17  3.13551268e-16 -3.13551268e-16 -2.89048299e-16
  2.89048299e-16 -1.59377719e-16  1.59377719e-16 -9.84455573e-17
  9.84455573e-17 -7.19910243e-17  7.19910243e-17  8.94466792e-17
 -8.94466792e-17  1.45337301e-16 -1.45337301e-16 -1.76204445e-16
  1.76204445e-16  1.63931368e-16 -1.63931368e-16 -3.95950633e-16
  3.95950633e-16 -1.63714528e-16  1.63714528e-16  2.60208521e-17
 -2.60208521e-17  2.30284541e-16 -2.30284541e-16  3.34151110e-16
 -3.34151110e-16 -2.01661604e-16  2.01661604e-16 -2.10335221e-16
  2.10335221e-16  9.62771529e-17 -9.62771529e-17 -1.50920942e-16
  1.50920942e-16 -1.76074433e-16  1.76074433e-16 -9.10729825e-17
  9.10729825e-17  3.12683907e-16 -3.12683907e-16 -4.16333634e-17
  4.16333634e-17 -1.28369537e-16  1.28369537e-16 -1.09287579e-16
  1.09287579e-16 -3.20923843e-17  3.20923843e-17 -4.55152652e-05
  4.55152652e-05  5.97057452e-04 -5.97057452e-04 -1.15865245e-03
  1.15865245e-03  3.19008534e-04 -3.19008534e-04 -3.21841526e-05
  3.21841526e-05  0.00000000e+00  0.00000000e+00  0.00000000e+00
  0.00000000e+00  0.00000000e+00  0.00000000e+00  0.00000000e+00
  0.00000000e+00  0.00000000e+00  0.00000000e+00  0.00000000e+00
  0.00000000e+00  0.00000000e+00  0.00000000e+00  0.00000000e+00
  0.00000000e+00  0.00000000e+00  0.00000000e+00  0.00000000e+00
  0.00000000e+00  0.00000000e+00  0.00000000e+00  0.00000000e+00
  0.00000000e+00  0.00000000e+00  0.00000000e+00  0.00000000e+00
  0.00000000e+00  0.00000000e+00  0.00000000e+00  0.00000000e+00
  0.00000000e+00  0.00000000e+00  0.00000000e+00  0.00000000e+00
  0.00000000e+00  0.00000000e+00  0.00000000e+00  0.00000000e+00
  0.00000000e+00  0.00000000e+00  0.00000000e+00  0.00000000e+00
  0.00000000e+00  0.00000000e+00  0.00000000e+00  0.00000000e+00
  0.00000000e+00  0.00000000e+00  0.00000000e+00  0.00000000e+00
  0.00000000e+00  0.00000000e+00  0.00000000e+00  0.00000000e+00
  0.00000000e+00  0.00000000e+00  0.00000000e+00  0.00000000e+00
  0.00000000e+00  0.00000000e+00  0.00000000e+00  0.00000000e+00
  0.00000000e+00  0.00000000e+00  0.00000000e+00  0.00000000e+00
  0.00000000e+00  0.00000000e+00  0.00000000e+00  0.00000000e+00
  0.00000000e+00  0.00000000e+00  0.00000000e+00  0.00000000e+00]
