
Zimpp: [1.         1.         1.         1.         1.         1.
 1.         1.         1.         1.         1.         1.
 1.         1.         1.         1.         1.         1.
 1.         1.         1.         1.         1.         1.
 1.         1.         1.         1.         1.         1.
 1.         1.         1.         1.         1.         1.
 1.         1.         1.         1.         1.         1.
 1.         1.         1.         1.         1.         1.
 1.         1.         1.         1.         1.         1.
 1.         1.         1.         1.         1.         1.
 1.         1.         1.         1.         1.         1.
 1.         1.         1.         1.         1.         1.
 1.         1.         1.         1.         1.         1.
 1.         0.70710678 1.         0.70710678 0.70710678 0.70710678
 0.70710678 0.70710678 0.70710678 0.70710678 0.70710678 0.70710678
 0.70710678 0.70710678 0.70710678 0.70710678 0.70710678 0.70710678
 0.70710678 0.70710678 0.70710678 0.70710678 0.70710678 0.70710678
 0.70710678 0.70710678 0.70710678 0.70710678 0.70710678 0.70710678
 0.70710678 0.70710678 0.70710678 0.70710678 0.70710678 0.70710678
 0.70710678 0.70710678 0.70710678 0.70710678 0.70710678 0.70710678
 0.70710678 0.70710678 0.70710678 0.70710678 0.70710678 0.70710678
 0.70710678 0.70710678 0.70710678 0.70710678 0.70710678 0.70710678
 0.70710678 0.70710678 0.70710678 0.70710678 0.70710678 0.70710678
 0.70710678 0.70710678 0.70710678 0.70710678 0.70710678 0.70710678
 0.70710678 0.70710678 0.70710678 0.70710678 0.70710678 0.70710678
 0.70710678 0.70710678 0.70710678 0.70710678 0.70710678 0.70710678
 0.70710678 0.70710678 0.70710678 0.70710678]

Zimpm: [1.         1.         1.         1.         1.         1.
 1.         1.         1.         1.         1.         1.
 1.         1.         1.         1.         1.         1.
 1.         1.         1.         1.         1.         1.
 1.         1.         1.         1.         1.         1.
 1.         1.         1.         1.         1.         1.
 1.         1.         1.         1.         1.         1.
 1.         1.         1.         1.         1.         1.
 1.         1.         1.         1.         1.         1.
 1.         1.         1.         1.         1.         1.
 1.         1.         1.         1.         1.         1.
 1.         1.         1.         1.         1.         1.
 1.         1.         1.         1.         1.         1.
 1.         1.         0.70710678 0.70710678 0.70710678 0.70710678
 0.70710678 0.70710678 0.70710678 0.70710678 0.70710678 0.70710678
 0.70710678 0.70710678 0.70710678 0.70710678 0.70710678 0.70710678
 0.70710678 0.70710678 0.70710678 0.70710678 0.70710678 0.70710678
 0.70710678 0.70710678 0.70710678 0.70710678 0.70710678 0.70710678
 0.70710678 0.70710678 0.70710678 0.70710678 0.70710678 0.70710678
 0.70710678 0.70710678 0.70710678 0.70710678 0.70710678 0.70710678
 0.70710678 0.70710678 0.70710678 0.70710678 0.70710678 0.70710678
 0.70710678 0.70710678 0.70710678 0.70710678 0.70710678 0.70710678
 0.70710678 0.70710678 0.70710678 0.70710678 0.70710678 0.70710678
 0.70710678 0.70710678 0.70710678 0.70710678 0.70710678 0.70710678
 0.70710678 0.70710678 0.70710678 0.70710678 0.70710678 0.70710678
 0.70710678 0.70710678 0.70710678 0.70710678 0.70710678 0.70710678
 0.70710678 0.70710678 0.70710678 0.70710678]

Yimpp: [1.         1.         1.         1.         1.         1.
 1.         1.         1.         1.         1.         1.
 1.         1.         1.         1.         1.         1.
 1.         1.         1.         1.         1.         1.
 1.         1.         1.         1.         1.         1.
 1.         1.         1.         1.         1.         1.
 1.         1.         1.         1.         1.         1.
 1.         1.         1.         1.         1.         1.
 1.         1.         1.         1.         1.         1.
 1.         1.         1.         1.         1.         1.
 1.         1.         1.         1.         1.         1.
 1.         1.         1.         1.         1.         1.
 1.         1.         1.         1.         1.         1.
 1.         1.41421356 1.         1.41421356 1.41421356 1.41421356
 1.41421356 1.41421356 1.41421356 1.41421356 1.41421356 1.41421356
 1.41421356 1.41421356 1.41421356 1.41421356 1.41421356 1.41421356
 1.41421356 1.41421356 1.41421356 1.41421356 1.41421356 1.41421356
 1.41421356 1.41421356 1.41421356 1.41421356 1.41421356 1.41421356
 1.41421356 1.41421356 1.41421356 1.41421356 1.41421356 1.41421356
 1.41421356 1.41421356 1.41421356 1.41421356 1.41421356 1.41421356
 1.41421356 1.41421356 1.41421356 1.41421356 1.41421356 1.41421356
 1.41421356 1.41421356 1.41421356 1.41421356 1.41421356 1.41421356
 1.41421356 1.41421356 1.41421356 1.41421356 1.41421356 1.41421356
 1.41421356 1.41421356 1.41421356 1.41421356 1.41421356 1.41421356
 1.41421356 1.41421356 1.41421356 1.41421356 1.41421356 1.41421356
 1.41421356 1.41421356 1.41421356 1.41421356 1.41421356 1.41421356
 1.41421356 1.41421356 1.41421356 1.41421356]

Yimpm: [1.         1.         1.         1.         1.         1.
 1.         1.         1.         1.         1.         1.
 1.         1.         1.         1.         1.         1.
 1.         1.         1.         1.         1.         1.
 1.         1.         1.         1.         1.         1.
 1.         1.         1.         1.         1.         1.
 1.         1.         1.         1.         1.         1.
 1.         1.         1.         1.         1.         1.
 1.         1.         1.         1.         1.         1.
 1.         1.         1.         1.         1.         1.
 1.         1.         1.         1.         1.         1.
 1.         1.         1.         1.         1.         1.
 1.         1.         1.         1.         1.         1.
 1.         1.41421356 1.         1.41421356 1.41421356 1.41421356
 1.41421356 1.41421356 1.41421356 1.41421356 1.41421356 1.41421356
 1.41421356 1.41421356 1.41421356 1.41421356 1.41421356 1.41421356
 1.41421356 1.41421356 1.41421356 1.41421356 1.41421356 1.41421356
 1.41421356 1.41421356 1.41421356 1.41421356 1.41421356 1.41421356
 1.41421356 1.41421356 1.41421356 1.41421356 1.41421356 1.41421356
 1.41421356 1.41421356 1.41421356 1.41421356 1.41421356 1.41421356
 1.41421356 1.41421356 1.41421356 1.41421356 1.41421356 1.41421356
 1.41421356 1.41421356 1.41421356 1.41421356 1.41421356 1.41421356
 1.41421356 1.41421356 1.41421356 1.41421356 1.41421356 1.41421356
 1.41421356 1.41421356 1.41421356 1.41421356 1.41421356 1.41421356
 1.41421356 1.41421356 1.41421356 1.41421356 1.41421356 1.41421356
 1.41421356 1.41421356 1.41421356 1.41421356 1.41421356 1.41421356
 1.41421356 1.41421356 1.41421356 1.41421356]

dE: [-9.24881518e-17  1.38777878e-17 -1.38777878e-17  0.00000000e+00
  0.00000000e+00  0.00000000e+00  0.00000000e+00  0.00000000e+00
  0.00000000e+00  0.00000000e+00  0.00000000e+00  0.00000000e+00
  0.00000000e+00  0.00000000e+00  0.00000000e+00  0.00000000e+00
  0.00000000e+00  0.00000000e+00  0.00000000e+00  0.00000000e+00
  0.00000000e+00  0.00000000e+00  0.00000000e+00  0.00000000e+00
  0.00000000e+00  0.00000000e+00  0.00000000e+00  0.00000000e+00
  0.00000000e+00  0.00000000e+00  0.00000000e+00  0.00000000e+00
  0.00000000e+00  0.00000000e+00  0.00000000e+00  0.00000000e+00
  0.00000000e+00  0.00000000e+00  0.00000000e+00  0.00000000e+00
  0.00000000e+00  0.00000000e+00  0.00000000e+00  0.00000000e+00
  0.00000000e+00  0.00000000e+00  0.00000000e+00  0.00000000e+00
  0.00000000e+00  0.00000000e+00  0.00000000e+00  0.00000000e+00
  0.00000000e+00  0.00000000e+00  0.00000000e+00  0.00000000e+00
  0.00000000e+00  0.00000000e+00  0.00000000e+00  0.00000000e+00
  0.00000000e+00  0.00000000e+00  0.00000000e+00  0.00000000e+00
  0.00000000e+00  0.00000000e+00  0.00000000e+00  0.00000000e+00
  0.00000000e+00  0.00000000e+00  0.00000000e+00  0.00000000e+00
  0.00000000e+00  0.00000000e+00  0.00000000e+00  0.00000000e+00
  0.00000000e+00  0.00000000e+00  0.00000000e+00  0.00000000e+00
  0.00000000e+00  0.00000000e+00  0.00000000e+00  0.00000000e+00
  0.00000000e+00  0.00000000e+00  0.00000000e+00  0.00000000e+00
  0.00000000e+00  0.00000000e+00  0.00000000e+00  0.00000000e+00
  0.00000000e+00  0.00000000e+00  0.00000000e+00  0.00000000e+00
  0.00000000e+00  0.00000000e+00  0.00000000e+00  0.00000000e+00
  0.00000000e+00  0.00000000e+00  0.00000000e+00  0.00000000e+00
  0.00000000e+00  0.00000000e+00  0.00000000e+00  0.00000000e+00
  0.00000000e+00  0.00000000e+00  0.00000000e+00  0.00000000e+00
  0.00000000e+00  0.00000000e+00  0.00000000e+00  0.00000000e+00
  0.00000000e+00  0.00000000e+00  0.00000000e+00  0.00000000e+00
  0.00000000e+00  0.00000000e+00  0.00000000e+00  0.00000000e+00
  0.00000000e+00  0.00000000e+00  0.00000000e+00  0.00000000e+00
  0.00000000e+00  0.00000000e+00  0.00000000e+00  0.00000000e+00
  0.00000000e+00  0.00000000e+00  0.00000000e+00  0.00000000e+00
  0.00000000e+00  0.00000000e+00  0.00000000e+00  0.00000000e+00
  0.00000000e+00  0.00000000e+00  0.00000000e+00  0.00000000e+00
  0.00000000e+00  0.00000000e+00  0.00000000e+00  0.00000000e+00
  0.00000000e+00  0.00000000e+00  0.00000000e+00  0.00000000e+00
  0.00000000e+00  0.00000000e+00  0.00000000e+00  0.00000000e+00
  0.00000000e+00  0.00000000e+00  0.00000000e+00  0.00000000e+00]

dH: [ 0.00000000e+00 -1.78893358e-16  1.78893358e-16 -2.73869469e-16
  2.73869469e-16 -2.45571792e-16  2.45571792e-16 -3.84241250e-16
  3.84241250e-16 -1.76508114e-16  1.76508114e-16 -2.13913089e-16
  2.13913089e-16 -2.24863531e-16  2.24863531e-16 -5.69206141e-17
  5.69206141e-17 -1.81387023e-16  1.81387023e-16 -1.68918698e-16
  1.68918698e-16 -9.68192540e-17  9.68192540e-17 -2.86771475e-16
  2.86771475e-16 -1.02999206e-16  1.02999206e-16 -2.20689352e-16
  2.20689352e-16 -1.41759434e-16  1.41759434e-16 -1.03161837e-16
  1.03161837e-16 -9.03411460e-17  9.03411460e-17 -6.20705744e-17
  6.20705744e-17 -8.31176490e-17  8.31176490e-17 -2.09962587e-17
  2.09962587e-17 -2.94767466e-17  2.94767466e-17 -4.04678461e-17
  4.04678461e-17  9.97465999e-18 -9.97465999e-18 -9.95297594e-17
  9.95297594e-17  3.25260652e-19 -3.25260652e-19  2.91108283e-17
 -2.91108283e-17 -6.39679282e-18  6.39679282e-18  2.52619106e-17
 -2.52619106e-17  1.09829680e-16 -1.09829680e-16 -5.42101086e-19
  5.42101086e-19 -5.42101086e-17  5.42101086e-17 -1.48535698e-17
  1.48535698e-17  1.40946282e-18 -1.40946282e-18 -3.79470760e-18
  3.79470760e-18  4.19586241e-17 -4.19586241e-17  1.76724954e-17
 -1.76724954e-17  3.79470760e-17 -3.79470760e-17  6.50521303e-19
 -6.50521303e-19  5.85469173e-18 -5.85469173e-18 -9.97597462e-04
  9.97597462e-04  0.00000000e+00  0.00000000e+00  0.00000000e+00
  0.00000000e+00  0.00000000e+00  0.00000000e+00  0.00000000e+00
  0.00000000e+00  0.00000000e+00  0.00000000e+00  0.00000000e+00
  0.00000000e+00  0.00000000e+00  0.00000000e+00  0.00000000e+00
  0.00000000e+00  0.00000000e+00  0.00000000e+00  0.00000000e+00
  0.00000000e+00  0.00000000e+00  0.00000000e+00  0.00000000e+00
  0.00000000e+00  0.00000000e+00  0.00000000e+00  0.00000000e+00
  0.00000000e+00  0.00000000e+00  0.00000000e+00  0.00000000e+00
  0.00000000e+00  0.00000000e+00  0.00000000e+00  0.00000000e+00
  0.00000000e+00  0.00000000e+00  0.00000000e+00  0.00000000e+00
  0.00000000e+00  0.00000000e+00  0.00000000e+00  0.00000000e+00
  0.00000000e+00  0.00000000e+00  0.00000000e+00  0.00000000e+00
  0.00000000e+00  0.00000000e+00  0.00000000e+00  0.00000000e+00
  0.00000000e+00  0.00000000e+00  0.00000000e+00  0.00000000e+00
  0.00000000e+00  0.00000000e+00  0.00000000e+00  0.00000000e+00
  0.00000000e+00  0.00000000e+00  0.00000000e+00  0.00000000e+00
  0.00000000e+00  0.00000000e+00  0.00000000e+00  0.00000000e+00
  0.00000000e+00  0.00000000e+00  0.00000000e+00  0.00000000e+00
  0.00000000e+00  0.00000000e+00  0.00000000e+00  0.00000000e+00
  0.00000000e+00  0.00000000e+00  0.00000000e+00  0.00000000e+00]
