
N: 8

Nv: 11

VX: [0.  0.7 1.4 2.1 2.8 3.5 4.2 4.9 5.6 6.3 7. ]

K: 10

EToV: [[ 1  2]
 [ 2  3]
 [ 3  4]
 [ 4  5]
 [ 5  6]
 [ 6  7]
 [ 7  8]
 [ 8  9]
 [ 9 10]
 [10 11]]

r: [-1.         -0.899758   -0.67718628 -0.36311746  0.          0.36311746
  0.67718628  0.899758    1.        ]

V: [[ 0.70710678 -1.22474487  1.58113883 -1.87082869  2.12132034 -2.34520788
   2.54950976 -2.73861279  2.91547595]
 [ 0.70710678 -1.10197399  1.12948127 -0.88189597  0.43802016  0.10013883
  -0.61827023  1.00951362 -1.19444264]
 [ 0.70710678 -0.82938042  0.29705153  0.44790834 -0.90077912  0.76468898
  -0.12990328 -0.58990997  0.9273772 ]
 [ 0.70710678 -0.44472625 -0.4778495   0.79506423 -0.0920479  -0.73081928
   0.62109025  0.28159161 -0.82556524]
 [ 0.70710678  0.         -0.79056942 -0.          0.79549513  0.
  -0.7967218  -0.          0.79720045]
 [ 0.70710678  0.44472625 -0.4778495  -0.79506423 -0.0920479   0.73081928
   0.62109025 -0.28159161 -0.82556524]
 [ 0.70710678  0.82938042  0.29705153 -0.44790834 -0.90077912 -0.76468898
  -0.12990328  0.58990997  0.9273772 ]
 [ 0.70710678  1.10197399  1.12948127  0.88189597  0.43802016 -0.10013883
  -0.61827023 -1.00951362 -1.19444264]
 [ 0.70710678  1.22474487  1.58113883  1.87082869  2.12132034  2.34520788
   2.54950976  2.73861279  2.91547595]]

Dr: [[-1.80000000e+01  2.43497452e+01 -9.73870166e+00  5.54496391e+00
  -3.65714286e+00  2.59074568e+00 -1.87444087e+00  1.28483063e+00
  -5.00000000e-01]
 [-4.08701370e+00  5.00225865e-15  5.78680582e+00 -2.69606544e+00
   1.66522165e+00 -1.14565374e+00  8.16756382e-01 -5.55704981e-01
   2.15654019e-01]
 [ 9.85360090e-01 -3.48835875e+00 -5.78322893e-15  3.57668094e+00
  -1.71783216e+00  1.07980381e+00 -7.38349277e-01  4.92350938e-01
  -1.89655592e-01]
 [-4.44613449e-01  1.28796075e+00 -2.83445891e+00 -4.60608663e-16
   2.85191597e+00 -1.37696489e+00  8.55726185e-01 -5.47300161e-01
   2.07734512e-01]
 [ 2.73437500e-01 -7.41782398e-01  1.26941309e+00 -2.65931022e+00
  -9.30844451e-16  2.65931022e+00 -1.26941309e+00  7.41782398e-01
  -2.73437500e-01]
 [-2.07734512e-01  5.47300161e-01 -8.55726185e-01  1.37696489e+00
  -2.85191597e+00  1.01572017e-15  2.83445891e+00 -1.28796075e+00
   4.44613449e-01]
 [ 1.89655592e-01 -4.92350938e-01  7.38349277e-01 -1.07980381e+00
   1.71783216e+00 -3.57668094e+00  5.78322893e-15  3.48835875e+00
  -9.85360090e-01]
 [-2.15654019e-01  5.55704981e-01 -8.16756382e-01  1.14565374e+00
  -1.66522165e+00  2.69606544e+00 -5.78680582e+00 -3.89203562e-15
   4.08701370e+00]
 [ 5.00000000e-01 -1.28483063e+00  1.87444087e+00 -2.59074568e+00
   3.65714286e+00 -5.54496391e+00  9.73870166e+00 -2.43497452e+01
   1.80000000e+01]]

LIFT: [[40.5         4.5       ]
 [-1.84360701 -1.84360701]
 [ 1.43139491  1.43139491]
 [-1.27424944 -1.27424944]
 [ 1.23046875  1.23046875]
 [-1.27424944 -1.27424944]
 [ 1.43139491  1.43139491]
 [-1.84360701 -1.84360701]
 [ 4.5        40.5       ]]

x: [[0.         0.7        1.4        2.1        2.8        3.5
  4.2        4.9        5.6        6.3       ]
 [0.0350847  0.7350847  1.4350847  2.1350847  2.8350847  3.5350847
  4.2350847  4.9350847  5.6350847  6.3350847 ]
 [0.1129848  0.8129848  1.5129848  2.2129848  2.9129848  3.6129848
  4.3129848  5.0129848  5.7129848  6.4129848 ]
 [0.22290889 0.92290889 1.62290889 2.32290889 3.02290889 3.72290889
  4.42290889 5.12290889 5.82290889 6.52290889]
 [0.35       1.05       1.75       2.45       3.15       3.85
  4.55       5.25       5.95       6.65      ]
 [0.47709111 1.17709111 1.87709111 2.57709111 3.27709111 3.97709111
  4.67709111 5.37709111 6.07709111 6.77709111]
 [0.5870152  1.2870152  1.9870152  2.6870152  3.3870152  4.0870152
  4.7870152  5.4870152  6.1870152  6.8870152 ]
 [0.6649153  1.3649153  2.0649153  2.7649153  3.4649153  4.1649153
  4.8649153  5.5649153  6.2649153  6.9649153 ]
 [0.7        1.4        2.1        2.8        3.5        4.2
  4.9        5.6        6.3        7.        ]]

rx: [[2.85714286 2.85714286 2.85714286 2.85714286 2.85714286 2.85714286
  2.85714286 2.85714286 2.85714286 2.85714286]
 [2.85714286 2.85714286 2.85714286 2.85714286 2.85714286 2.85714286
  2.85714286 2.85714286 2.85714286 2.85714286]
 [2.85714286 2.85714286 2.85714286 2.85714286 2.85714286 2.85714286
  2.85714286 2.85714286 2.85714286 2.85714286]
 [2.85714286 2.85714286 2.85714286 2.85714286 2.85714286 2.85714286
  2.85714286 2.85714286 2.85714286 2.85714286]
 [2.85714286 2.85714286 2.85714286 2.85714286 2.85714286 2.85714286
  2.85714286 2.85714286 2.85714286 2.85714286]
 [2.85714286 2.85714286 2.85714286 2.85714286 2.85714286 2.85714286
  2.85714286 2.85714286 2.85714286 2.85714286]
 [2.85714286 2.85714286 2.85714286 2.85714286 2.85714286 2.85714286
  2.85714286 2.85714286 2.85714286 2.85714286]
 [2.85714286 2.85714286 2.85714286 2.85714286 2.85714286 2.85714286
  2.85714286 2.85714286 2.85714286 2.85714286]
 [2.85714286 2.85714286 2.85714286 2.85714286 2.85714286 2.85714286
  2.85714286 2.85714286 2.85714286 2.85714286]]

J: [[0.35 0.35 0.35 0.35 0.35 0.35 0.35 0.35 0.35 0.35]
 [0.35 0.35 0.35 0.35 0.35 0.35 0.35 0.35 0.35 0.35]
 [0.35 0.35 0.35 0.35 0.35 0.35 0.35 0.35 0.35 0.35]
 [0.35 0.35 0.35 0.35 0.35 0.35 0.35 0.35 0.35 0.35]
 [0.35 0.35 0.35 0.35 0.35 0.35 0.35 0.35 0.35 0.35]
 [0.35 0.35 0.35 0.35 0.35 0.35 0.35 0.35 0.35 0.35]
 [0.35 0.35 0.35 0.35 0.35 0.35 0.35 0.35 0.35 0.35]
 [0.35 0.35 0.35 0.35 0.35 0.35 0.35 0.35 0.35 0.35]
 [0.35 0.35 0.35 0.35 0.35 0.35 0.35 0.35 0.35 0.35]]

nx: [[-1. -1. -1. -1. -1. -1. -1. -1. -1. -1.]
 [ 1.  1.  1.  1.  1.  1.  1.  1.  1.  1.]]

EToE: [[ 1  2]
 [ 1  3]
 [ 2  4]
 [ 3  5]
 [ 4  6]
 [ 5  7]
 [ 6  8]
 [ 7  9]
 [ 8 10]
 [ 9 10]]

EToF: [[1 1]
 [2 1]
 [2 1]
 [2 1]
 [2 1]
 [2 1]
 [2 1]
 [2 1]
 [2 1]
 [2 2]]

vmapM: [ 1  9 10 18 19 27 28 36 37 45 46 54 55 63 64 72 73 81 82 90]

vmapP: [ 1 10  9 19 18 28 27 37 36 46 45 55 54 64 63 73 72 82 81 90]

vmapB: [ 1 90]

mapB: [ 1 20]

fmask: [0, 8]

Fscale: [[2.85714286 2.85714286 2.85714286 2.85714286 2.85714286 2.85714286
  2.85714286 2.85714286 2.85714286 2.85714286]
 [2.85714286 2.85714286 2.85714286 2.85714286 2.85714286 2.85714286
  2.85714286 2.85714286 2.85714286 2.85714286]]

u: [[-8.16854895e-09  6.44217689e-01  9.85449730e-01  8.63209367e-01
   3.34988150e-01 -3.50783228e-01 -8.71575773e-01 -9.82452613e-01
  -6.31266638e-01  1.68139019e-02]
 [ 3.50775069e-02  6.70649988e-01  9.90805303e-01  8.44969402e-01
   3.01731189e-01 -3.83415918e-01 -8.88236527e-01 -9.75305618e-01
  -6.03673237e-01  5.18760998e-02]
 [ 1.12744569e-01  7.26341962e-01  9.98329379e-01  8.00786891e-01
   2.26621814e-01 -4.54127042e-01 -9.21292855e-01 -9.55160242e-01
  -5.39800843e-01  1.29435328e-01]
 [ 2.21067473e-01  7.97360515e-01  9.98642448e-01  7.30247234e-01
   1.18405335e-01 -5.49124443e-01 -9.58392415e-01 -9.16913459e-01
  -4.44195776e-01  2.37434121e-01]
 [ 3.42897807e-01  8.67423226e-01  9.83985947e-01  6.37764702e-01
  -8.40724770e-03 -6.50625137e-01 -9.86843859e-01 -8.58934493e-01
  -3.27054814e-01  3.58643854e-01]
 [ 4.59197058e-01  9.23494035e-01  9.53457338e-01  5.34994757e-01
  -1.35084218e-01 -7.41630974e-01 -9.99377095e-01 -7.87100552e-01
  -2.04638321e-01  4.74068510e-01]
 [ 5.53878354e-01  9.60003635e-01  9.14624205e-01  4.39082719e-01
  -2.42966229e-01 -8.10744364e-01 -9.97216756e-01 -7.14682526e-01
  -9.60219356e-02  5.67799270e-01]
 [ 6.16992478e-01  9.78881256e-01  8.80386885e-01  3.67832805e-01
  -3.17718791e-01 -8.53842275e-01 -9.88390395e-01 -6.58083068e-01
  -1.82689911e-02  6.30137277e-01]
 [ 6.44217686e-01  9.85449730e-01  8.63209367e-01  3.34988150e-01
  -3.50783228e-01 -8.71575773e-01 -9.82452613e-01 -6.31266637e-01
   1.68139016e-02  6.56986599e-01]]

dt: 0.0020920502092050207

Nsteps: 478.0

xmin: 0.035084701605988755
